#10mm step:4 rot:500
count,distance,weight
0,0.00,-0.5948
1,0.20,-1.3818
2,0.40,-1.4987
3,0.60,-2.7922
4,0.80,-2.4364
5,1.00,-3.3169
6,1.20,-3.8753
7,1.40,-4.5532
8,1.60,-5.2364
9,1.80,-5.3870
10,2.00,-5.6649
11,2.20,-5.8805
12,2.40,-6.8883
13,2.60,-6.9013
14,2.80,-7.3039
15,3.00,-7.9195
16,3.20,-8.0312
17,3.40,-9.1974
18,3.60,-8.9844
19,3.80,-10.0961
20,4.00,-10.6416
21,4.20,-11.6857
22,4.40,-12.6416
23,4.60,-12.4623
24,4.80,-13.2052
25,5.00,-13.8130
26,5.20,-14.7195
27,5.40,-14.5195
28,5.60,-15.6208
29,5.80,-15.9922
30,6.00,-16.9870
31,6.20,-17.4104
32,6.40,-17.2104
33,6.60,-18.8364
34,6.80,-18.2078
35,7.00,-19.8493
36,7.20,-19.4545
37,7.40,-20.2182
38,7.60,-21.7065
39,7.80,-21.5688
40,8.00,-22.6000
41,8.20,-22.5273
42,8.40,-23.3870
43,8.60,-24.0364
44,8.80,-24.5117
45,9.00,-24.5377
46,9.20,-26.0961
47,9.40,-26.0390
48,9.60,-26.4234
49,9.80,-27.4519
50,10.00,-27.8597
51,10.20,-28.6182
52,10.40,-28.4701
53,10.60,-28.7325
54,10.80,-30.0312
55,11.00,-29.9065
56,11.20,-30.7351
57,11.40,-31.2130
58,11.60,-31.5377
59,11.80,-31.9403
60,12.00,-32.4494
61,12.20,-32.9195
62,12.40,-33.3766
63,12.60,-33.8156
64,12.80,-33.9844
65,13.00,-34.6649
66,13.20,-34.2286
67,13.40,-34.9844
68,13.60,-35.3351
69,13.80,-35.4701
70,14.00,-35.6779
71,14.20,-35.8779
72,14.40,-36.0545
73,14.60,-36.3351
74,14.80,-36.8675
75,15.00,-36.4026
76,15.20,-37.3039
77,15.40,-36.5481
78,15.60,-37.3273
79,15.80,-37.7403
80,16.00,-36.7844
81,16.20,-37.5351
82,16.40,-37.2078
83,16.60,-37.6519
84,16.80,-37.5143
85,17.00,-37.4675
86,17.20,-37.4545
87,17.40,-37.3195
88,17.60,-37.5636
89,17.80,-37.6805
90,18.00,-37.4935
91,18.20,-36.7844
92,18.40,-37.6078
93,18.60,-36.5558
94,18.80,-36.7351
95,19.00,-36.9091
96,19.20,-36.1662
97,19.40,-37.0779
98,19.60,-35.8338
99,19.80,-36.1377
100,20.00,-35.5974
101,20.20,-35.3974
102,20.40,-36.0779
103,20.60,-34.6935
104,20.80,-35.1974
105,21.00,-35.2753
106,21.20,-34.4987
107,21.40,-33.9143
108,21.60,-34.1455
109,21.80,-33.4442
110,22.00,-33.6831
111,22.20,-32.7636
112,22.40,-32.6571
113,22.60,-33.0130
114,22.80,-32.0623
115,23.00,-32.4442
116,23.20,-31.5792
117,23.40,-30.9455
118,23.60,-31.5143
119,23.80,-30.5740
120,24.00,-30.6571
121,24.20,-30.0052
122,24.40,-30.3714
123,24.60,-29.7403
124,24.80,-29.4286
125,25.00,-28.5117
126,25.20,-28.1299
127,25.40,-28.8961
128,25.60,-28.2416
129,25.80,-27.9506
130,26.00,-27.1091
131,26.20,-26.9247
132,26.40,-26.3273
133,26.60,-26.5610
134,26.80,-26.7636
135,27.00,-26.0104
136,27.20,-26.1584
137,27.40,-25.4078
138,27.60,-25.4519
139,27.80,-24.9558
140,28.00,-25.5896
141,28.20,-24.4857
142,28.40,-24.1870
143,28.60,-24.8260
144,28.80,-23.2987
145,29.00,-24.0312
146,29.20,-24.0571
147,29.40,-23.4182
148,29.60,-23.3740
149,29.80,-22.8701
150,30.00,-22.9792
151,30.20,-22.2857
152,30.40,-22.3429
153,30.60,-22.1948
154,30.80,-21.8052
155,31.00,-21.4078
156,31.20,-21.7974
157,31.40,-20.8493
158,31.60,-20.9922
159,31.80,-21.4519
160,32.00,-20.4519
161,32.20,-21.3013
162,32.40,-19.7377
163,32.60,-20.7273
164,32.80,-19.8078
165,33.00,-19.7455
166,33.20,-20.1870
167,33.40,-19.5299
168,33.60,-19.6494
169,33.80,-19.3091
170,34.00,-19.0052
171,34.20,-18.5273
172,34.40,-18.9792
173,34.60,-17.9688
174,34.80,-18.4909
175,35.00,-17.8468
176,35.20,-17.5481
177,35.40,-17.9818
178,35.60,-16.9714
179,35.80,-17.7610
180,36.00,-18.0208
181,36.20,-17.0260
182,36.40,-17.8597
183,36.60,-16.5610
184,36.80,-17.0130
185,37.00,-16.4286
186,37.20,-17.0675
187,37.40,-15.9636
188,37.60,-16.1377
189,37.80,-15.9091
190,38.00,-15.9766
191,38.20,-16.4182
192,38.40,-15.5117
193,38.60,-16.1065
194,38.80,-15.1013
195,39.00,-15.8130
196,39.20,-14.9662
197,39.40,-14.9584
198,39.60,-15.9455
199,39.80,-16.7013
200,40.00,-16.9766
201,40.20,-15.3455
202,40.40,-15.3377
203,40.60,-14.4727
204,40.80,-15.0052
205,41.00,-14.1818
206,41.20,-14.5247
207,41.40,-15.0390
208,41.60,-13.8286
209,41.80,-14.6390
210,42.00,-13.5688
211,42.20,-13.8494
212,42.40,-13.9013
213,42.60,-13.4416
214,42.80,-13.6727
215,43.00,-13.5870
216,43.20,-13.7584
217,43.40,-13.4390
218,43.60,-13.3844
219,43.80,-12.8779
220,44.00,-13.5558
221,44.20,-12.8026
222,44.40,-12.8623
223,44.60,-13.3636
224,44.80,-12.4493
225,45.00,-13.5636
226,45.20,-12.2597
227,45.40,-13.2390
228,45.60,-12.3013
229,45.80,-12.5013
230,46.00,-12.7532
231,46.20,-12.3506
232,46.40,-12.6416
233,46.60,-12.1740
234,46.80,-12.4935
235,47.00,-12.4312
236,47.20,-11.7662
237,47.40,-11.1091
238,47.60,-11.2494
239,47.80,-11.6701
240,48.00,-11.3974
241,48.20,-12.8987
242,48.40,-11.0312
243,48.60,-11.3922
244,48.80,-10.8909
245,49.00,-11.1766
246,49.20,-11.5714
247,49.40,-10.6701
248,49.60,-11.5558
249,49.80,-10.3117
250,50.00,-11.3091
251,50.20,-10.3403
252,50.40,-10.9948
253,50.60,-11.4701
254,50.80,-10.6961
255,51.00,-11.1844
256,51.20,-10.0883
257,51.40,-11.2234
258,51.60,-11.1662
259,51.80,-11.0052
260,52.00,-10.3221
261,52.20,-10.6312
262,52.40,-10.9636
263,52.60,-10.5299
264,52.80,-10.2961
265,53.00,-10.0442
266,53.20,-10.8338
267,53.40,-10.1974
268,53.60,-10.2416
269,53.80,-9.8156
270,54.00,-10.1870
271,54.20,-10.4000
272,54.40,-8.9403
273,54.60,-10.1740
274,54.80,-9.2753
275,55.00,-9.7974
276,55.20,-9.3532
277,55.40,-9.9714
278,55.60,-10.0000
279,55.80,-10.0727
280,56.00,-10.0494
281,56.20,-10.2416
282,56.40,-9.4519
283,56.60,-8.5195
284,56.80,-9.3740
285,57.00,-8.7766
286,57.20,-9.1117
287,57.40,-9.8935
288,57.60,-8.6286
289,57.80,-9.4052
290,58.00,-7.6286
291,58.20,-9.0571
292,58.40,-8.3221
293,58.60,-8.2468
294,58.80,-8.5896
295,59.00,-8.0831
296,59.20,-9.1429
297,59.40,-9.0208
298,59.60,-8.1377
299,59.80,-7.6805
300,60.00,-8.0338
301,60.20,-6.9662
302,60.40,-7.5766
303,60.60,-8.4052
304,60.80,-7.3455
305,61.00,-8.5740
306,61.20,-8.1740
307,61.40,-7.7351
308,61.60,-7.6857
309,61.80,-7.1532
310,62.00,-8.2935
311,62.20,-7.9195
312,62.40,-7.9870
313,62.60,-7.4104
314,62.80,-7.6234
315,63.00,-7.5221
316,63.20,-7.7506
317,63.40,-8.0883
318,63.60,-7.5325
319,63.80,-7.6312
320,64.00,-6.9948
321,64.20,-7.8468
322,64.40,-7.3169
323,64.60,-7.1792
324,64.80,-7.0260
325,65.00,-7.3662
326,65.20,-7.3013
327,65.40,-7.3792
328,65.60,-6.6701
329,65.80,-6.8156
330,66.00,-7.6883
331,66.20,-6.9688
332,66.40,-7.7766
333,66.60,-6.7091
334,66.80,-6.3662
335,67.00,-7.6312
336,67.20,-6.8675
337,67.40,-7.8338
338,67.60,-7.1948
339,67.80,-7.3169
340,68.00,-7.1896
341,68.20,-7.2779
342,68.40,-7.4104
343,68.60,-7.1766
344,68.80,-6.7818
345,69.00,-7.3481
346,69.20,-8.0312
347,69.40,-6.8675
348,69.60,-8.0104
349,69.80,-7.1351
350,70.00,-7.3039
351,70.20,-7.2961
352,70.40,-6.8416
353,70.60,-7.2442
354,70.80,-6.7558
355,71.00,-7.3117
356,71.20,-7.4571
357,71.40,-6.6000
358,71.60,-7.5117
359,71.80,-6.7429
360,72.00,-6.6987
361,72.20,-7.3740
362,72.40,-7.0000
363,72.60,-6.7948
364,72.80,-6.8571
365,73.00,-6.4779
366,73.20,-7.0545
367,73.40,-7.0208
368,73.60,-6.0649
369,73.80,-7.1610
370,74.00,-6.8675
371,74.20,-7.2052
372,74.40,-6.1610
373,74.60,-6.1065
374,74.80,-7.1091
375,75.00,-6.6987
376,75.20,-7.7662
377,75.40,-7.1532
378,75.60,-7.3091
379,75.80,-6.0597
380,76.00,-6.9039
381,76.20,-7.1013
382,76.40,-6.2597
383,76.60,-7.1481
384,76.80,-6.4208
385,77.00,-6.7714
386,77.20,-6.2727
387,77.40,-6.5844
388,77.60,-5.9636
389,77.80,-6.5091
390,78.00,-6.3844
391,78.20,-6.4571
392,78.40,-6.7429
393,78.60,-5.8727
394,78.80,-6.4026
395,79.00,-5.6442
396,79.20,-7.0286
397,79.40,-6.0416
398,79.60,-5.9948
399,79.80,-6.5169
400,80.00,-5.5039
401,80.20,-6.6312
402,80.40,-5.6571
403,80.60,-6.1403
404,80.80,-5.8390
405,81.00,-6.0078
406,81.20,-5.9636
407,81.40,-6.6130
408,81.60,-5.9195
409,81.80,-5.8442
410,82.00,-6.0338
411,82.20,-5.7065
412,82.40,-6.0130
413,82.60,-5.5558
414,82.80,-5.9065
415,83.00,-6.0286
416,83.20,-5.1481
417,83.40,-6.1403
418,83.60,-5.6883
419,83.80,-5.9013
420,84.00,-6.1818
421,84.20,-5.5455
422,84.40,-6.1299
423,84.60,-5.7143
424,84.80,-6.0883
425,85.00,-6.0597
426,85.20,-5.9818
427,85.40,-5.2130
428,85.60,-5.4883
429,85.80,-5.1143
430,86.00,-5.5766
431,86.20,-5.8831
432,86.40,-5.4208
433,86.60,-5.6260
434,86.80,-4.9948
435,87.00,-5.4909
436,87.20,-5.2104
437,87.40,-5.7091
438,87.60,-5.6260
439,87.80,-5.3584
440,88.00,-5.7091
441,88.20,-4.9403
442,88.40,-6.2364
443,88.60,-5.0571
444,88.80,-5.3714
445,89.00,-5.6338
446,89.20,-4.9455
447,89.40,-5.5662
448,89.60,-5.0987
449,89.80,-5.2649
450,90.00,-4.9065
451,90.20,-5.1948
452,90.40,-4.9325
453,90.60,-5.3273
454,90.80,-5.4649
455,91.00,-5.2961
456,91.20,-5.7169
457,91.40,-4.8390
458,91.60,-5.3506
459,91.80,-4.5662
460,92.00,-5.8234
461,92.20,-4.7065
462,92.40,-4.9974
463,92.60,-5.4545
464,92.80,-4.5273
465,93.00,-5.4857
466,93.20,-4.8286
467,93.40,-5.1506
468,93.60,-5.0182
469,93.80,-5.0182
470,94.00,-4.9065
471,94.20,-5.1481
472,94.40,-5.0883
473,94.60,-4.7532
474,94.80,-5.8026
475,95.00,-4.3429
476,95.20,-5.2286
477,95.40,-4.8961
478,95.60,-4.9013
479,95.80,-5.3273
480,96.00,-4.4052
481,96.20,-5.5403
482,96.40,-5.0649
483,96.60,-5.3558
484,96.80,-4.5143
485,97.00,-4.7584
486,97.20,-5.2260
487,97.40,-5.0312
488,97.60,-5.7403
489,97.80,-4.5403
490,98.00,-4.9948
491,98.20,-4.2468
492,98.40,-5.1091
493,98.60,-4.3818
494,98.80,-4.9351
495,99.00,-5.2494
496,99.20,-4.6571
497,99.40,-5.1091
498,99.60,-4.5065
499,99.80,-4.7247
500,100.00,-5.2156
501,100.20,-5.3506
502,100.40,-5.4208
503,100.60,-4.7169
504,100.80,-5.1195
505,101.00,-4.6416
506,101.20,-6.1429
507,101.40,-4.8701
508,101.60,-4.9740
509,101.80,-5.4390
510,102.00,-4.5221
511,102.20,-5.6000
512,102.40,-5.0390
513,102.60,-5.2000
514,102.80,-4.9792
515,103.00,-5.3974
516,103.20,-5.3948
517,103.40,-5.3818
518,103.60,-5.2987
519,103.80,-5.4208
520,104.00,-5.7844
521,104.20,-5.5818
522,104.40,-5.9818
523,104.60,-4.9273
524,104.80,-5.3091
525,105.00,-5.4831
526,105.20,-5.1377
527,105.40,-6.4753
528,105.60,-5.2597
529,105.80,-6.1740
530,106.00,-5.3143
531,106.20,-5.8442
532,106.40,-5.7532
533,106.60,-5.6130
534,106.80,-5.4883
535,107.00,-5.8026
536,107.20,-5.9013
537,107.40,-6.1039
538,107.60,-5.9377
539,107.80,-5.0571
540,108.00,-6.2545
541,108.20,-5.6208
542,108.40,-5.1169
543,108.60,-5.8597
544,108.80,-5.5455
545,109.00,-6.4156
546,109.20,-5.4494
547,109.40,-5.9636
548,109.60,-5.3844
549,109.80,-6.0468
550,110.00,-6.4494
551,110.20,-5.4078
552,110.40,-6.0364
553,110.60,-5.3299
554,110.80,-5.7117
555,111.00,-4.7221
556,111.20,-5.8987
557,111.40,-5.0468
558,111.60,-5.1636
559,111.80,-5.6779
560,112.00,-5.1948
561,112.20,-5.5870
562,112.40,-5.9610
563,112.60,-5.1247
564,112.80,-4.9091
565,113.00,-5.8753
566,113.20,-5.7169
567,113.40,-5.2909
568,113.60,-6.0519
569,113.80,-5.5481
570,114.00,-5.8909
571,114.20,-5.0494
572,114.40,-5.7299
573,114.60,-6.2597
574,114.80,-5.1948
575,115.00,-6.0649
576,115.20,-5.1195
577,115.40,-6.0494
578,115.60,-5.5558
579,115.80,-5.8312
580,116.00,-5.5065
581,116.20,-5.5325
582,116.40,-5.2416
583,116.60,-5.4623
584,116.80,-6.1169
585,117.00,-4.9221
586,117.20,-6.3714
587,117.40,-4.8156
588,117.60,-6.0000
589,117.80,-5.8338
590,118.00,-4.9065
591,118.20,-5.7740
592,118.40,-5.4052
593,118.60,-5.9039
594,118.80,-5.4935
595,119.00,-6.1273
596,119.20,-5.2312
597,119.40,-6.0442
