#1mm step:4 rot:500
count,distance,weight
0,0.00,-2.2390
1,0.20,-3.1766
2,0.40,-4.1636
3,0.60,-5.8909
4,0.80,-6.1065
5,1.00,-6.7948
6,1.20,-8.7818
7,1.40,-9.5377
8,1.60,-10.6104
9,1.80,-11.8000
10,2.00,-11.2779
11,2.20,-13.9610
12,2.40,-14.2416
13,2.60,-15.4649
14,2.80,-17.3740
15,3.00,-17.6909
16,3.20,-20.6571
17,3.40,-21.7610
18,3.60,-23.4260
19,3.80,-24.0831
20,4.00,-26.3584
21,4.20,-29.7221
22,4.40,-30.5169
23,4.60,-32.9766
24,4.80,-34.7948
25,5.00,-37.4623
26,5.20,-39.1455
27,5.40,-42.8727
28,5.60,-43.0000
29,5.80,-47.3039
30,6.00,-49.6286
31,6.20,-51.1896
32,6.40,-53.7740
33,6.60,-53.2623
34,6.80,-57.2571
35,7.00,-58.8883
36,7.20,-63.0519
37,7.40,-64.4520
38,7.60,-68.7896
39,7.80,-72.3377
40,8.00,-73.7896
41,8.20,-78.3844
42,8.40,-80.5091
43,8.60,-84.3584
44,8.80,-85.8883
45,9.00,-90.3455
46,9.20,-93.3740
47,9.40,-93.7117
48,9.60,-97.3740
49,9.80,-99.0545
50,10.00,-102.8857
51,10.20,-104.3221
52,10.40,-108.7792
53,10.60,-111.9247
54,10.80,-115.3922
55,11.00,-119.6364
56,11.20,-121.9533
57,11.40,-126.5091
58,11.60,-129.1818
59,11.80,-132.4026
60,12.00,-134.8415
61,12.20,-139.3818
62,12.40,-143.1377
63,12.60,-145.4364
64,12.80,-149.5377
65,13.00,-151.8468
66,13.20,-155.6441
67,13.40,-158.9351
68,13.60,-159.9792
69,13.80,-162.6753
70,14.00,-166.2727
71,14.20,-168.8052
72,14.40,-170.8805
73,14.60,-173.5766
74,14.80,-175.0779
75,15.00,-179.7429
76,15.20,-180.4234
77,15.40,-183.7792
78,15.60,-186.2701
79,15.80,-187.7532
80,16.00,-190.0338
81,16.20,-189.8883
82,16.40,-193.1273
83,16.60,-194.6390
84,16.80,-196.1662
85,17.00,-197.8675
86,17.20,-197.7974
87,17.40,-199.0312
88,17.60,-199.8935
89,17.80,-201.7480
90,18.00,-201.8727
91,18.20,-202.8286
92,18.40,-201.8026
93,18.60,-203.5506
94,18.80,-203.4571
95,19.00,-203.4701
96,19.20,-203.9039
97,19.40,-202.5480
98,19.60,-203.2130
99,19.80,-201.7896
100,20.00,-201.6416
101,20.20,-200.3377
102,20.40,-198.9610
103,20.60,-198.3013
104,20.80,-197.0338
105,21.00,-196.7351
106,21.20,-194.6104
107,21.40,-193.7558
108,21.60,-191.7688
109,21.80,-189.7688
110,22.00,-189.0493
111,22.20,-187.4182
112,22.40,-186.4597
113,22.60,-183.9169
114,22.80,-181.7325
115,23.00,-179.4234
116,23.20,-178.0987
117,23.40,-175.2857
118,23.60,-173.8753
119,23.80,-171.3377
120,24.00,-169.1013
121,24.20,-167.0857
122,24.40,-163.8519
123,24.60,-163.0208
124,24.80,-160.3844
125,25.00,-157.9221
126,25.20,-155.2831
127,25.40,-152.4416
128,25.60,-151.4571
129,25.80,-148.5013
130,26.00,-145.7948
131,26.20,-142.9792
132,26.40,-140.2623
133,26.60,-137.7273
134,26.80,-135.3792
135,27.00,-132.4130
136,27.20,-130.9584
137,27.40,-127.9247
138,27.60,-124.8520
139,27.80,-123.3533
140,28.00,-120.4208
141,28.20,-118.4545
142,28.40,-115.5974
143,28.60,-112.2078
144,28.80,-110.4857
145,29.00,-108.1948
146,29.20,-105.9325
147,29.40,-103.5299
148,29.60,-101.6675
149,29.80,-99.8468
150,30.00,-97.6364
151,30.20,-96.1714
152,30.40,-93.9688
153,30.60,-92.1610
154,30.80,-90.7325
155,31.00,-90.0935
156,31.20,-87.4286
157,31.40,-86.1299
158,31.60,-85.0208
159,31.80,-83.2156
160,32.00,-82.1273
161,32.20,-80.3636
162,32.40,-79.3844
163,32.60,-78.1740
164,32.80,-76.3870
165,33.00,-75.9091
166,33.20,-74.6571
167,33.40,-72.9714
168,33.60,-72.0909
169,33.80,-71.4026
170,34.00,-69.2701
171,34.20,-69.4286
172,34.40,-68.0416
173,34.60,-67.0571
174,34.80,-65.7299
175,35.00,-64.2052
176,35.20,-64.3299
177,35.40,-62.6312
178,35.60,-61.4000
179,35.80,-61.0286
180,36.00,-59.7429
181,36.20,-58.7429
182,36.40,-58.4286
183,36.60,-57.4649
184,36.80,-55.9403
185,37.00,-55.7351
186,37.20,-54.3169
187,37.40,-53.5506
188,37.60,-52.7065
189,37.80,-51.9351
190,38.00,-51.5117
191,38.20,-49.6234
192,38.40,-49.6078
193,38.60,-48.7169
194,38.80,-47.6961
195,39.00,-47.4831
196,39.20,-46.3584
197,39.40,-45.7714
198,39.60,-45.5636
199,39.80,-43.9844
200,40.00,-43.5039
201,40.20,-43.2909
202,40.40,-42.0649
203,40.60,-42.1143
204,40.80,-40.7377
205,41.00,-40.4234
206,41.20,-40.4727
207,41.40,-38.9247
208,41.60,-38.8779
209,41.80,-38.0753
210,42.00,-37.7247
211,42.20,-36.7013
212,42.40,-36.7091
213,42.60,-36.4234
214,42.80,-35.3584
215,43.00,-35.2831
216,43.20,-34.4753
217,43.40,-34.3117
218,43.60,-33.3558
219,43.80,-33.3299
220,44.00,-31.9714
221,44.20,-32.2519
222,44.40,-31.4831
223,44.60,-30.8779
224,44.80,-30.8312
225,45.00,-29.7299
226,45.20,-29.9039
227,45.40,-29.2156
228,45.60,-28.6649
229,45.80,-27.9922
230,46.00,-27.7325
231,46.20,-27.9013
232,46.40,-26.7636
233,46.60,-27.0935
234,46.80,-25.7948
235,47.00,-26.3247
236,47.20,-25.4052
237,47.40,-24.4597
238,47.60,-25.2909
239,47.80,-24.4857
240,48.00,-24.6519
241,48.20,-23.8987
242,48.40,-24.1195
243,48.60,-23.1247
244,48.80,-23.3455
245,49.00,-22.8519
246,49.20,-22.5766
247,49.40,-21.8597
248,49.60,-21.3169
249,49.80,-21.8130
250,50.00,-20.5429
251,50.20,-21.5013
252,50.40,-20.3429
253,50.60,-19.3922
254,50.80,-20.7896
255,51.00,-19.7740
256,51.20,-20.0805
257,51.40,-19.0468
258,51.60,-18.8961
259,51.80,-18.5948
260,52.00,-18.4649
261,52.20,-17.7532
262,52.40,-18.3584
263,52.60,-17.8078
264,52.80,-17.3039
265,53.00,-17.8493
266,53.20,-16.4909
267,53.40,-17.2000
268,53.60,-16.1766
269,53.80,-16.5013
270,54.00,-16.5532
271,54.20,-15.4623
272,54.40,-15.8727
273,54.60,-15.2623
274,54.80,-15.7403
275,55.00,-15.1481
276,55.20,-15.2078
277,55.40,-14.8571
278,55.60,-14.5351
279,55.80,-14.4416
280,56.00,-14.1195
281,56.20,-14.2753
282,56.40,-13.4364
283,56.60,-14.7221
284,56.80,-13.5117
285,57.00,-13.2416
286,57.20,-13.5740
287,57.40,-12.9039
288,57.60,-13.3922
289,57.80,-12.8623
290,58.00,-13.0571
291,58.20,-12.4026
292,58.40,-12.8753
293,58.60,-12.1143
294,58.80,-12.6104
295,59.00,-12.7247
296,59.20,-11.7714
297,59.40,-12.8000
298,59.60,-12.3377
299,59.80,-12.1143
300,60.00,-12.1584
301,60.20,-11.4234
302,60.40,-11.8416
303,60.60,-11.4623
304,60.80,-11.7481
305,61.00,-11.4208
306,61.20,-11.9247
307,61.40,-11.8208
308,61.60,-11.4675
309,61.80,-11.0649
310,62.00,-11.1506
311,62.20,-11.3870
312,62.40,-10.4571
313,62.60,-10.9351
314,62.80,-9.8571
315,63.00,-10.6961
316,63.20,-10.0935
317,63.40,-10.4493
318,63.60,-10.6208
319,63.80,-9.3195
320,64.00,-10.3792
321,64.20,-10.7429
322,64.40,-10.0078
323,64.60,-10.7377
324,64.80,-10.8961
325,65.00,-9.7481
326,65.20,-10.6649
327,65.40,-9.6883
328,65.60,-9.4545
329,65.80,-9.5610
330,66.00,-8.5922
331,66.20,-9.9299
332,66.40,-8.3532
333,66.60,-8.8649
334,66.80,-9.5013
335,67.00,-8.0779
336,67.20,-9.2571
337,67.40,-8.4779
338,67.60,-8.8909
339,67.80,-8.3455
340,68.00,-8.6701
341,68.20,-8.4078
342,68.40,-7.7429
343,68.60,-8.7221
344,68.80,-7.8234
345,69.00,-8.2442
346,69.20,-7.3688
347,69.40,-7.8623
348,69.60,-7.0364
349,69.80,-7.7481
350,70.00,-7.4961
351,70.20,-6.8675
352,70.40,-7.3532
353,70.60,-7.5221
354,70.80,-6.6675
355,71.00,-6.3325
356,71.20,-7.0649
357,71.40,-6.9299
358,71.60,-6.1221
359,71.80,-6.7065
360,72.00,-6.1455
361,72.20,-7.2753
362,72.40,-6.0519
363,72.60,-6.1299
364,72.80,-5.6857
365,73.00,-5.7584
366,73.20,-6.3221
367,73.40,-5.6623
368,73.60,-6.3429
369,73.80,-6.1688
370,74.00,-6.1221
371,74.20,-5.3169
372,74.40,-6.3325
373,74.60,-5.6026
374,74.80,-6.2390
375,75.00,-6.4779
376,75.20,-5.0779
377,75.40,-5.8286
378,75.60,-5.3948
379,75.80,-5.6104
380,76.00,-5.4961
381,76.20,-5.1870
382,76.40,-6.2753
383,76.60,-5.2519
384,76.80,-5.4182
385,77.00,-5.4442
386,77.20,-5.5584
387,77.40,-5.3481
388,77.60,-5.9091
389,77.80,-4.9636
390,78.00,-5.4831
391,78.20,-5.3247
392,78.40,-4.9584
393,78.60,-5.2182
394,78.80,-4.2286
395,79.00,-5.4961
396,79.20,-4.4779
397,79.40,-4.3299
398,79.60,-5.3688
399,79.80,-4.6468
400,80.00,-5.7455
401,80.20,-5.0000
402,80.40,-4.3662
403,80.60,-4.4468
404,80.80,-4.5455
405,81.00,-4.7325
406,81.20,-4.2597
407,81.40,-5.3091
408,81.60,-4.1818
409,81.80,-5.0260
410,82.00,-5.0494
411,82.20,-4.6416
412,82.40,-3.6727
413,82.60,-4.5143
414,82.80,-4.6286
415,83.00,-4.0961
416,83.20,-4.5506
417,83.40,-4.4000
418,83.60,-4.5870
419,83.80,-3.7922
420,84.00,-4.7065
421,84.20,-4.5091
422,84.40,-4.1662
423,84.60,-4.5169
424,84.80,-3.8182
425,85.00,-5.2571
426,85.20,-3.6364
427,85.40,-4.6000
428,85.60,-4.3143
429,85.80,-3.8078
430,86.00,-3.8675
431,86.20,-4.1065
432,86.40,-4.5688
433,86.60,-4.1221
434,86.80,-4.0545
435,87.00,-3.8208
436,87.20,-3.9662
437,87.40,-3.2571
438,87.60,-3.7948
439,87.80,-3.9532
440,88.00,-3.1195
441,88.20,-4.2260
442,88.40,-3.5013
443,88.60,-3.3974
444,88.80,-3.8883
445,89.00,-3.1429
446,89.20,-4.2000
447,89.40,-3.4442
448,89.60,-4.0494
449,89.80,-3.4078
450,90.00,-3.9065
451,90.20,-4.2130
452,90.40,-4.1688
453,90.60,-2.8312
454,90.80,-3.8390
455,91.00,-3.4338
456,91.20,-2.8545
457,91.40,-4.1221
458,91.60,-3.5377
459,91.80,-3.3091
460,92.00,-2.6416
461,92.20,-3.1013
462,92.40,-3.7221
463,92.60,-2.9403
464,92.80,-3.6753
465,93.00,-2.7117
466,93.20,-3.5013
467,93.40,-3.5273
468,93.60,-2.6909
469,93.80,-3.0753
470,94.00,-3.0987
471,94.20,-3.1636
472,94.40,-2.4156
473,94.60,-3.6753
474,94.80,-3.3429
475,95.00,-2.8078
476,95.20,-2.7870
477,95.40,-2.6857
478,95.60,-3.4156
479,95.80,-3.2390
480,96.00,-3.4468
481,96.20,-2.6312
482,96.40,-3.2519
483,96.60,-2.3299
484,96.80,-3.4987
485,97.00,-2.1584
486,97.20,-2.5039
487,97.40,-2.6312
488,97.60,-2.7039
489,97.80,-3.5299
490,98.00,-2.3714
491,98.20,-3.0494
492,98.40,-3.0260
493,98.60,-3.0078
494,98.80,-3.2338
495,99.00,-2.7662
496,99.20,-3.2130
497,99.40,-3.2597
498,99.60,-3.4286
499,99.80,-2.1870
500,100.00,-2.8052
501,100.20,-2.8260
502,100.40,-3.2909
503,100.60,-3.6312
504,100.80,-2.5377
505,101.00,-3.5558
506,101.20,-1.9481
507,101.40,-3.1948
508,101.60,-2.7091
509,101.80,-2.3117
510,102.00,-2.9325
511,102.20,-2.5247
512,102.40,-3.0390
513,102.60,-2.6208
514,102.80,-2.3948
515,103.00,-2.6571
516,103.20,-2.9688
517,103.40,-1.9117
518,103.60,-2.7896
519,103.80,-2.6753
520,104.00,-2.0494
521,104.20,-2.7922
522,104.40,-2.9247
523,104.60,-2.5377
524,104.80,-2.1195
525,105.00,-2.7065
526,105.20,-3.4390
527,105.40,-1.8727
528,105.60,-2.9896
529,105.80,-2.8000
530,106.00,-2.5896
531,106.20,-2.2442
532,106.40,-2.9013
533,106.60,-2.6987
534,106.80,-2.5766
535,107.00,-3.2494
536,107.20,-2.2597
537,107.40,-2.7610
538,107.60,-3.3740
539,107.80,-2.5662
540,108.00,-2.4052
541,108.20,-3.0675
542,108.40,-3.2078
543,108.60,-2.1792
544,108.80,-3.0052
545,109.00,-2.5039
546,109.20,-3.0571
547,109.40,-2.5377
548,109.60,-2.6779
549,109.80,-2.3688
550,110.00,-3.2623
551,110.20,-3.3065
552,110.40,-2.6156
553,110.60,-3.5636
554,110.80,-3.1896
555,111.00,-3.4805
556,111.20,-2.9766
557,111.40,-3.0857
558,111.60,-3.2000
559,111.80,-2.7325
560,112.00,-2.9506
561,112.20,-3.2364
562,112.40,-2.8442
563,112.60,-2.5013
564,112.80,-3.6416
565,113.00,-2.7740
566,113.20,-3.1610
567,113.40,-3.7662
568,113.60,-2.2779
569,113.80,-3.7818
570,114.00,-2.6883
571,114.20,-3.4286
572,114.40,-3.5169
573,114.60,-2.7091
574,114.80,-3.4987
575,115.00,-2.9844
576,115.20,-3.6182
577,115.40,-2.9974
578,115.60,-3.4805
579,115.80,-2.7221
580,116.00,-3.0857
581,116.20,-2.6104
582,116.40,-2.6597
583,116.60,-3.0857
584,116.80,-3.1506
585,117.00,-4.2571
586,117.20,-2.6026
587,117.40,-3.5325
588,117.60,-2.9351
589,117.80,-3.1636
590,118.00,-3.6987
591,118.20,-3.0234
592,118.40,-3.6156
593,118.60,-3.0701
