#2mm step:4 rot:500
count,distance,weight
0,0.00,-0.3117
1,0.20,-0.6597
2,0.40,-1.4416
3,0.60,-2.3688
4,0.80,-2.9455
5,1.00,-3.7558
6,1.20,-4.1429
7,1.40,-5.5195
8,1.60,-5.9948
9,1.80,-6.8753
10,2.00,-7.6831
11,2.20,-9.0000
12,2.40,-9.2312
13,2.60,-11.0156
14,2.80,-11.3558
15,3.00,-11.7896
16,3.20,-13.8000
17,3.40,-14.3429
18,3.60,-14.3896
19,3.80,-14.2286
20,4.00,-15.7818
21,4.20,-15.9610
22,4.40,-16.8286
23,4.60,-18.2571
24,4.80,-17.9922
25,5.00,-19.3091
26,5.20,-20.3091
27,5.40,-22.3481
28,5.60,-22.1922
29,5.80,-25.2130
30,6.00,-26.0623
31,6.20,-27.9247
32,6.40,-30.4649
33,6.60,-30.8390
34,6.80,-33.7429
35,7.00,-34.1247
36,7.20,-37.4753
37,7.40,-38.5195
38,7.60,-41.5403
39,7.80,-44.9429
40,8.00,-45.5299
41,8.20,-48.8571
42,8.40,-50.4234
43,8.60,-53.3455
44,8.80,-55.3507
45,9.00,-58.2753
46,9.20,-59.5351
47,9.40,-61.9169
48,9.60,-64.4182
49,9.80,-65.9143
50,10.00,-69.1636
51,10.20,-69.5325
52,10.40,-73.0468
53,10.60,-75.0961
54,10.80,-77.5117
55,11.00,-80.6260
56,11.20,-82.3948
57,11.40,-86.6052
58,11.60,-88.6961
59,11.80,-92.3273
60,12.00,-94.2675
61,12.20,-97.8909
62,12.40,-100.0727
63,12.60,-102.3558
64,12.80,-106.7143
65,13.00,-108.3117
66,13.20,-111.5714
67,13.40,-113.6182
68,13.60,-117.3429
69,13.80,-118.2779
70,14.00,-121.2260
71,14.20,-124.4571
72,14.40,-126.0468
73,14.60,-128.4519
74,14.80,-130.0597
75,15.00,-132.6468
76,15.20,-134.7195
77,15.40,-136.9403
78,15.60,-138.6519
79,15.80,-140.5429
80,16.00,-142.3844
81,16.20,-143.6416
82,16.40,-146.4701
83,16.60,-146.8909
84,16.80,-149.1247
85,17.00,-150.3247
86,17.20,-150.8312
87,17.40,-152.6052
88,17.60,-152.8260
89,17.80,-153.7948
90,18.00,-154.9299
91,18.20,-156.4104
92,18.40,-155.4130
93,18.60,-156.7922
94,18.80,-155.7610
95,19.00,-156.9195
96,19.20,-157.7870
97,19.40,-156.7948
98,19.60,-157.4779
99,19.80,-156.7714
100,20.00,-157.2675
101,20.20,-156.3766
102,20.40,-155.2519
103,20.60,-155.4701
104,20.80,-154.6312
105,21.00,-154.6286
106,21.20,-153.8208
107,21.40,-152.4234
108,21.60,-151.8779
109,21.80,-150.9792
110,22.00,-148.7403
111,22.20,-147.9013
112,22.40,-147.2467
113,22.60,-146.1299
114,22.80,-145.1584
115,23.00,-143.0312
116,23.20,-142.5169
117,23.40,-140.6441
118,23.60,-138.6545
119,23.80,-138.6675
120,24.00,-136.7429
121,24.20,-135.4441
122,24.40,-133.2649
123,24.60,-131.4805
124,24.80,-129.5870
125,25.00,-128.5506
126,25.20,-126.5740
127,25.40,-125.0442
128,25.60,-123.6364
129,25.80,-121.1974
130,26.00,-119.9273
131,26.20,-117.8130
132,26.40,-116.3558
133,26.60,-114.2727
134,26.80,-112.0649
135,27.00,-110.3558
136,27.20,-108.4364
137,27.40,-106.9065
138,27.60,-104.7610
139,27.80,-102.6182
140,28.00,-100.7792
141,28.20,-99.3169
142,28.40,-97.3896
143,28.60,-95.9818
144,28.80,-94.3610
145,29.00,-91.6078
146,29.20,-91.1299
147,29.40,-89.4494
148,29.60,-88.1896
149,29.80,-86.4935
150,30.00,-84.3533
151,30.20,-84.0364
152,30.40,-81.9740
153,30.60,-80.4286
154,30.80,-79.4779
155,31.00,-78.5065
156,31.20,-77.3299
157,31.40,-76.5870
158,31.60,-74.7481
159,31.80,-74.3610
160,32.00,-73.5662
161,32.20,-71.9429
162,32.40,-71.7065
163,32.60,-70.1610
164,32.80,-69.4831
165,33.00,-68.3584
166,33.20,-66.9429
167,33.40,-66.7896
168,33.60,-65.1325
169,33.80,-64.9584
170,34.00,-63.9455
171,34.20,-62.3714
172,34.40,-61.8130
173,34.60,-61.0987
174,34.80,-59.5455
175,35.00,-58.9221
176,35.20,-58.3143
177,35.40,-56.9273
178,35.60,-56.8519
179,35.80,-55.5273
180,36.00,-54.8234
181,36.20,-54.3922
182,36.40,-53.4052
183,36.60,-53.1039
184,36.80,-51.5766
185,37.00,-51.6493
186,37.20,-50.8805
187,37.40,-49.9662
188,37.60,-49.5013
189,37.80,-48.9195
190,38.00,-48.3844
191,38.20,-47.4805
192,38.40,-47.3610
193,38.60,-45.7143
194,38.80,-45.9584
195,39.00,-44.8987
196,39.20,-44.5844
197,39.40,-43.5688
198,39.60,-42.9740
199,39.80,-43.0545
200,40.00,-41.8597
201,40.20,-41.3792
202,40.40,-40.7896
203,40.60,-40.2779
204,40.80,-39.7455
205,41.00,-39.8130
206,41.20,-39.1792
207,41.40,-37.7636
208,41.60,-38.2727
209,41.80,-37.3143
210,42.00,-37.6390
211,42.20,-36.0052
212,42.40,-35.6753
213,42.60,-36.2156
214,42.80,-35.1247
215,43.00,-35.3013
216,43.20,-34.3299
217,43.40,-34.0727
218,43.60,-33.1818
219,43.80,-33.1195
220,44.00,-32.2519
221,44.20,-32.6519
222,44.40,-31.9948
223,44.60,-31.4416
224,44.80,-31.5636
225,45.00,-30.3714
226,45.20,-31.1299
227,45.40,-29.6208
228,45.60,-29.8442
229,45.80,-29.0052
230,46.00,-27.8000
231,46.20,-28.5662
232,46.40,-28.1013
233,46.60,-28.1247
234,46.80,-27.3714
235,47.00,-26.6987
236,47.20,-26.7247
237,47.40,-26.3558
238,47.60,-26.4779
239,47.80,-26.4442
240,48.00,-26.3584
241,48.20,-25.5506
242,48.40,-26.0104
243,48.60,-24.5740
244,48.80,-25.0519
245,49.00,-24.2675
246,49.20,-23.8260
247,49.40,-24.4623
248,49.60,-23.4805
249,49.80,-23.6987
250,50.00,-23.1325
251,50.20,-23.1325
252,50.40,-22.4649
253,50.60,-22.3221
254,50.80,-22.6909
255,51.00,-22.0519
256,51.20,-22.2623
257,51.40,-21.6312
258,51.60,-21.1403
259,51.80,-20.3844
260,52.00,-20.9325
261,52.20,-20.6338
262,52.40,-20.4182
263,52.60,-20.3273
264,52.80,-19.6909
265,53.00,-20.0104
266,53.20,-19.4961
267,53.40,-19.4260
268,53.60,-18.3299
269,53.80,-19.0545
270,54.00,-19.1065
271,54.20,-18.5688
272,54.40,-18.6753
273,54.60,-17.4883
274,54.80,-18.7351
275,55.00,-18.1169
276,55.20,-17.5143
277,55.40,-18.4623
278,55.60,-17.1506
279,55.80,-18.1195
280,56.00,-16.8208
281,56.20,-16.9558
282,56.40,-16.3870
283,56.60,-16.4468
284,56.80,-16.1377
285,57.00,-16.9740
286,57.20,-16.7195
287,57.40,-16.0571
288,57.60,-16.5688
289,57.80,-15.8727
290,58.00,-16.4961
291,58.20,-15.9299
292,58.40,-15.8727
293,58.60,-16.0857
294,58.80,-14.9273
295,59.00,-16.5818
296,59.20,-15.0857
297,59.40,-15.0182
298,59.60,-15.0779
299,59.80,-15.3351
300,60.00,-14.7169
301,60.20,-15.5455
302,60.40,-15.4623
303,60.60,-15.2286
304,60.80,-15.4493
305,61.00,-15.3455
306,61.20,-15.1169
307,61.40,-13.9532
308,61.60,-14.8961
309,61.80,-14.5870
310,62.00,-14.0260
311,62.20,-14.9792
312,62.40,-13.5247
313,62.60,-14.6000
314,62.80,-13.4805
315,63.00,-14.2935
316,63.20,-13.4234
317,63.40,-14.3325
318,63.60,-13.6831
319,63.80,-13.6000
320,64.00,-14.0208
321,64.20,-13.6052
322,64.40,-13.9792
323,64.60,-13.9896
324,64.80,-14.3351
325,65.00,-12.7403
326,65.20,-12.9169
327,65.40,-12.9247
328,65.60,-12.5221
329,65.80,-12.6416
330,66.00,-12.1844
331,66.20,-12.6753
332,66.40,-11.8545
333,66.60,-12.3403
334,66.80,-12.0156
335,67.00,-11.9766
336,67.20,-12.7455
337,67.40,-11.4961
338,67.60,-12.1325
339,67.80,-11.0987
340,68.00,-11.7481
341,68.20,-12.1532
342,68.40,-10.9351
343,68.60,-11.4208
344,68.80,-11.1169
345,69.00,-11.3896
346,69.20,-11.6104
347,69.40,-10.9610
348,69.60,-10.4000
349,69.80,-11.0987
350,70.00,-10.7636
351,70.20,-10.4026
352,70.40,-11.4727
353,70.60,-9.9273
354,70.80,-11.0753
355,71.00,-9.8312
356,71.20,-10.2000
357,71.40,-10.3221
358,71.60,-9.6909
359,71.80,-11.0727
360,72.00,-9.8779
361,72.20,-10.0519
362,72.40,-9.6961
363,72.60,-10.0078
364,72.80,-9.3532
365,73.00,-10.0545
366,73.20,-9.9065
367,73.40,-9.4442
368,73.60,-9.9610
369,73.80,-10.2286
370,74.00,-10.2000
371,74.20,-8.9325
372,74.40,-9.7247
373,74.60,-9.5273
374,74.80,-9.3818
375,75.00,-9.7455
376,75.20,-9.2987
377,75.40,-9.5221
378,75.60,-9.0675
379,75.80,-9.1377
380,76.00,-9.2286
381,76.20,-9.8182
382,76.40,-10.2909
383,76.60,-8.5922
384,76.80,-9.3195
385,77.00,-9.1299
386,77.20,-10.0026
387,77.40,-9.9662
388,77.60,-9.2234
389,77.80,-9.1299
390,78.00,-8.8805
391,78.20,-9.2052
392,78.40,-9.0935
393,78.60,-9.6961
394,78.80,-8.6260
395,79.00,-8.6987
396,79.20,-9.1584
397,79.40,-9.2208
398,79.60,-8.7532
399,79.80,-8.5740
400,80.00,-9.5429
401,80.20,-8.3584
402,80.40,-9.5351
403,80.60,-7.9662
404,80.80,-8.4260
405,81.00,-8.9169
406,81.20,-7.6260
407,81.40,-9.0857
408,81.60,-8.5325
409,81.80,-8.1143
410,82.00,-8.2727
411,82.20,-8.1091
412,82.40,-7.8519
413,82.60,-9.0727
414,82.80,-8.5377
415,83.00,-8.3818
416,83.20,-8.7169
417,83.40,-8.4493
418,83.60,-9.0519
419,83.80,-7.6442
420,84.00,-8.3039
421,84.20,-8.1117
422,84.40,-7.5714
423,84.60,-8.8935
424,84.80,-7.4494
425,85.00,-8.5974
426,85.20,-7.8727
427,85.40,-8.2416
428,85.60,-7.8571
429,85.80,-8.4390
430,86.00,-7.9169
431,86.20,-7.9870
432,86.40,-8.2753
433,86.60,-7.9662
434,86.80,-8.1922
435,87.00,-7.0260
436,87.20,-7.4753
437,87.40,-7.7974
438,87.60,-6.9221
439,87.80,-8.3091
440,88.00,-7.2442
441,88.20,-7.4649
442,88.40,-6.9610
443,88.60,-7.2857
444,88.80,-7.3740
445,89.00,-7.8104
446,89.20,-7.8364
447,89.40,-7.2675
448,89.60,-8.1429
449,89.80,-6.4442
450,90.00,-7.1792
451,90.20,-7.2519
452,90.40,-7.2130
453,90.60,-7.0623
454,90.80,-6.9195
455,91.00,-7.4701
456,91.20,-6.8026
457,91.40,-7.6182
458,91.60,-6.9922
459,91.80,-7.5143
460,92.00,-6.4909
461,92.20,-7.2883
462,92.40,-7.2623
463,92.60,-6.9247
464,92.80,-7.6935
465,93.00,-6.2831
466,93.20,-7.4260
467,93.40,-7.1870
468,93.60,-6.6234
469,93.80,-7.1532
470,94.00,-6.2078
471,94.20,-7.4883
472,94.40,-6.8753
473,94.60,-7.3013
474,94.80,-6.1740
475,95.00,-7.1013
476,95.20,-5.9351
477,95.40,-6.6182
478,95.60,-6.9584
479,95.80,-6.3403
480,96.00,-7.3065
481,96.20,-5.9584
482,96.40,-7.1169
483,96.60,-5.7974
484,96.80,-6.8805
485,97.00,-6.4987
486,97.20,-5.9299
487,97.40,-6.5792
488,97.60,-6.6442
489,97.80,-6.6519
490,98.00,-6.9065
491,98.20,-6.8831
492,98.40,-6.0623
493,98.60,-6.5558
494,98.80,-6.4078
495,99.00,-6.2104
496,99.20,-6.7039
497,99.40,-5.8779
498,99.60,-6.7740
499,99.80,-5.8156
500,100.00,-6.6805
501,100.20,-6.6779
502,100.40,-5.9299
503,100.60,-6.4831
504,100.80,-6.0104
505,101.00,-6.4286
506,101.20,-5.8416
507,101.40,-6.7532
508,101.60,-5.4987
509,101.80,-5.9636
510,102.00,-6.1792
511,102.20,-5.9792
512,102.40,-6.1065
513,102.60,-5.4130
514,102.80,-5.9325
515,103.00,-5.6753
516,103.20,-5.5688
517,103.40,-5.4519
518,103.60,-5.7143
519,103.80,-5.3429
520,104.00,-5.6883
521,104.20,-5.5792
522,104.40,-5.4416
523,104.60,-6.2260
524,104.80,-5.3974
525,105.00,-6.0935
526,105.20,-6.0286
527,105.40,-5.3091
528,105.60,-6.5091
529,105.80,-4.9636
530,106.00,-6.5481
531,106.20,-5.4286
532,106.40,-5.7662
533,106.60,-5.9429
534,106.80,-5.3532
535,107.00,-6.1506
536,107.20,-5.7662
537,107.40,-6.0857
538,107.60,-5.8831
539,107.80,-6.2571
540,108.00,-5.6597
541,108.20,-6.0597
542,108.40,-5.6831
543,108.60,-5.9169
544,108.80,-6.8805
545,109.00,-4.9429
546,109.20,-5.8442
547,109.40,-5.4104
548,109.60,-6.0026
549,109.80,-5.4623
550,110.00,-5.7558
551,110.20,-6.4338
552,110.40,-6.1481
553,110.60,-6.4597
554,110.80,-6.1429
555,111.00,-6.4130
556,111.20,-5.1922
557,111.40,-5.4857
558,111.60,-5.2208
559,111.80,-5.8727
560,112.00,-5.9662
561,112.20,-5.4442
562,112.40,-6.4182
563,112.60,-5.7481
564,112.80,-5.9688
565,113.00,-5.6519
566,113.20,-5.5143
567,113.40,-6.6234
568,113.60,-5.4623
569,113.80,-5.4260
570,114.00,-5.8623
571,114.20,-6.3143
572,114.40,-5.7922
573,114.60,-5.9039
574,114.80,-6.3922
575,115.00,-5.6909
576,115.20,-7.0312
577,115.40,-5.1091
578,115.60,-6.3039
579,115.80,-5.5065
580,116.00,-5.6104
581,116.20,-5.6753
582,116.40,-5.6831
583,116.60,-6.2883
584,116.80,-5.8182
585,117.00,-6.4260
586,117.20,-5.5403
587,117.40,-6.2026
588,117.60,-5.9325
589,117.80,-6.5948
590,118.00,-5.9299
591,118.20,-5.4675
592,118.40,-6.8545
593,118.60,-5.6208
594,118.80,-6.5247
595,119.00,-5.6909
596,119.20,-6.0494
597,119.40,-6.6545
598,119.60,-5.5870
599,119.80,-6.2494
600,120.00,-6.0753
601,120.20,-6.2987
602,120.40,-6.4338
603,120.60,-6.2156
604,120.80,-4.8935
605,121.00,-6.0442
606,121.20,-6.2468
607,121.40,-5.8104
608,121.60,-6.1636
609,121.80,-5.6623
610,122.00,-5.9481
611,122.20,-5.1714
612,122.40,-5.6701
613,122.60,-5.8182
614,122.80,-5.2961
615,123.00,-6.4390
616,123.20,-5.3818
