#3mm step:4 rot:500
count,distance,weight
0,0.00,-1.2909
1,0.20,-2.1013
2,0.40,-3.6623
3,0.60,-4.7974
4,0.80,-6.2052
5,1.00,-8.1247
6,1.20,-8.3662
7,1.40,-9.6805
8,1.60,-10.4260
9,1.80,-10.6701
10,2.00,-12.5870
11,2.20,-12.6468
12,2.40,-14.6468
13,2.60,-15.0000
14,2.80,-16.8493
15,3.00,-17.3558
16,3.20,-19.7117
17,3.40,-20.3766
18,3.60,-23.5506
19,3.80,-24.5091
20,4.00,-26.4390
21,4.20,-28.6312
22,4.40,-29.6779
23,4.60,-32.6442
24,4.80,-32.9455
25,5.00,-35.8649
26,5.20,-36.2416
27,5.40,-38.4597
28,5.60,-41.5143
29,5.80,-42.7922
30,6.00,-45.7740
31,6.20,-47.2390
32,6.40,-50.2649
33,6.60,-51.7610
34,6.80,-54.3013
35,7.00,-55.8312
36,7.20,-58.1792
37,7.40,-60.9065
38,7.60,-61.2935
39,7.80,-64.6649
40,8.00,-65.1584
41,8.20,-69.3922
42,8.40,-71.0286
43,8.60,-73.1532
44,8.80,-76.2286
45,9.00,-77.2883
46,9.20,-81.2442
47,9.40,-82.2571
48,9.60,-86.2468
49,9.80,-88.5532
50,10.00,-90.3325
51,10.20,-93.1013
52,10.40,-95.0961
53,10.60,-98.1818
54,10.80,-100.9351
55,11.00,-103.5091
56,11.20,-104.1403
57,11.40,-107.3351
58,11.60,-108.6701
59,11.80,-111.3584
60,12.00,-113.6390
61,12.20,-115.5299
62,12.40,-117.4857
63,12.60,-118.5870
64,12.80,-120.9714
65,13.00,-122.1403
66,13.20,-124.8390
67,13.40,-126.8597
68,13.60,-128.2078
69,13.80,-129.8805
70,14.00,-130.7091
71,14.20,-133.3896
72,14.40,-134.4312
73,14.60,-135.5480
74,14.80,-136.5896
75,15.00,-137.1740
76,15.20,-139.3273
77,15.40,-139.2000
78,15.60,-140.3740
79,15.80,-140.5610
80,16.00,-141.4078
81,16.20,-141.5506
82,16.40,-142.4571
83,16.60,-141.6104
84,16.80,-142.6260
85,17.00,-143.2260
86,17.20,-142.1662
87,17.40,-143.5818
88,17.60,-141.9351
89,17.80,-142.2442
90,18.00,-141.8493
91,18.20,-140.8883
92,18.40,-140.7403
93,18.60,-139.5169
94,18.80,-139.5221
95,19.00,-138.1974
96,19.20,-137.8260
97,19.40,-136.4260
98,19.60,-135.8415
99,19.80,-134.2805
100,20.00,-133.7792
101,20.20,-132.6286
102,20.40,-131.7091
103,20.60,-130.8130
104,20.80,-128.6857
105,21.00,-127.3766
106,21.20,-126.0026
107,21.40,-124.5688
108,21.60,-124.5091
109,21.80,-122.6701
110,22.00,-121.3844
111,22.20,-119.7870
112,22.40,-118.3636
113,22.60,-116.2675
114,22.80,-114.7533
115,23.00,-112.9714
116,23.20,-112.2883
117,23.40,-110.5532
118,23.60,-108.6364
119,23.80,-107.9818
120,24.00,-105.8286
121,24.20,-104.2312
122,24.40,-101.9377
123,24.60,-100.5714
124,24.80,-98.4468
125,25.00,-96.7948
126,25.20,-95.5429
127,25.40,-93.4987
128,25.60,-91.3584
129,25.80,-90.6078
130,26.00,-89.1844
131,26.20,-87.0416
132,26.40,-85.3221
133,26.60,-84.0779
134,26.80,-81.9429
135,27.00,-81.0390
136,27.20,-79.4468
137,27.40,-78.6571
138,27.60,-77.0078
139,27.80,-74.6831
140,28.00,-74.9948
141,28.20,-72.3299
142,28.40,-71.4026
143,28.60,-70.6078
144,28.80,-69.8130
145,29.00,-68.5195
146,29.20,-67.6078
147,29.40,-66.3662
148,29.60,-65.5948
149,29.80,-64.5688
150,30.00,-63.4130
151,30.20,-63.1065
152,30.40,-61.6416
153,30.60,-61.4987
154,30.80,-59.8987
155,31.00,-58.8805
156,31.20,-58.9818
157,31.40,-56.9299
158,31.60,-56.6130
159,31.80,-55.5662
160,32.00,-54.7844
161,32.20,-54.0857
162,32.40,-53.1948
163,32.60,-52.2519
164,32.80,-51.8260
165,33.00,-51.3584
166,33.20,-50.6545
167,33.40,-50.3662
168,33.60,-48.9299
169,33.80,-48.8675
170,34.00,-47.9610
171,34.20,-47.2104
172,34.40,-47.0779
173,34.60,-45.1714
174,34.80,-45.5610
175,35.00,-44.7740
176,35.20,-43.7974
177,35.40,-43.1688
178,35.60,-43.0727
179,35.80,-42.6623
180,36.00,-41.4961
181,36.20,-40.8805
182,36.40,-40.0416
183,36.60,-40.2130
184,36.80,-39.0338
185,37.00,-39.1558
186,37.20,-37.9481
187,37.40,-37.4104
188,37.60,-37.1117
189,37.80,-36.6338
190,38.00,-36.5636
191,38.20,-35.2364
192,38.40,-35.1351
193,38.60,-34.1766
194,38.80,-34.0883
195,39.00,-33.9273
196,39.20,-33.0442
197,39.40,-32.8987
198,39.60,-31.6987
199,39.80,-32.1636
200,40.00,-31.1169
201,40.20,-31.3221
202,40.40,-31.3143
203,40.60,-30.4701
204,40.80,-30.5662
205,41.00,-29.3221
206,41.20,-29.4156
207,41.40,-29.2000
208,41.60,-28.0805
209,41.80,-27.8104
210,42.00,-27.3662
211,42.20,-27.2805
212,42.40,-27.1844
213,42.60,-26.9325
214,42.80,-25.7948
215,43.00,-26.4571
216,43.20,-24.9247
217,43.40,-25.5117
218,43.60,-24.7870
219,43.80,-23.9922
220,44.00,-24.1974
221,44.20,-23.0104
222,44.40,-23.8234
223,44.60,-23.7844
224,44.80,-22.8935
225,45.00,-22.9740
226,45.20,-22.6182
227,45.40,-23.2468
228,45.60,-23.2442
229,45.80,-22.8805
230,46.00,-21.3377
231,46.20,-21.9870
232,46.40,-21.3610
233,46.60,-21.0156
234,46.80,-21.3403
235,47.00,-20.6701
236,47.20,-21.7117
237,47.40,-20.0208
238,47.60,-20.3584
239,47.80,-19.5714
240,48.00,-19.2442
241,48.20,-18.8260
242,48.40,-19.1636
243,48.60,-19.0104
244,48.80,-18.1740
245,49.00,-18.8208
246,49.20,-18.2545
247,49.40,-18.9506
248,49.60,-17.3896
249,49.80,-17.8987
250,50.00,-17.2701
251,50.20,-16.9117
252,50.40,-17.7948
253,50.60,-16.6312
254,50.80,-17.5870
255,51.00,-16.1065
256,51.20,-16.6364
257,51.40,-16.0130
258,51.60,-15.6234
259,51.80,-15.7662
260,52.00,-15.4935
261,52.20,-15.4519
262,52.40,-14.6675
263,52.60,-16.3299
264,52.80,-15.0494
265,53.00,-14.6857
266,53.20,-14.9974
267,53.40,-14.2494
268,53.60,-15.8026
269,53.80,-14.5455
270,54.00,-14.7221
271,54.20,-14.0416
272,54.40,-14.2753
273,54.60,-13.6312
274,54.80,-14.1403
275,55.00,-13.4026
276,55.20,-13.9610
277,55.40,-14.3247
278,55.60,-13.1377
279,55.80,-14.2234
280,56.00,-12.9247
281,56.20,-14.0519
282,56.40,-13.7169
283,56.60,-12.7922
284,56.80,-13.7740
285,57.00,-12.7896
286,57.20,-13.2597
287,57.40,-12.2364
288,57.60,-12.4312
289,57.80,-12.4000
290,58.00,-13.1169
291,58.20,-13.2545
292,58.40,-12.8545
293,58.60,-12.6156
294,58.80,-12.5844
295,59.00,-13.3273
296,59.20,-12.3948
297,59.40,-13.0338
298,59.60,-12.2442
299,59.80,-11.8468
300,60.00,-13.1688
301,60.20,-11.3403
302,60.40,-12.5013
303,60.60,-11.0623
304,60.80,-11.9922
305,61.00,-11.4130
306,61.20,-12.1558
307,61.40,-11.8805
308,61.60,-11.2519
309,61.80,-11.4753
310,62.00,-11.2442
311,62.20,-11.8727
312,62.40,-10.7766
313,62.60,-11.9740
314,62.80,-10.5662
315,63.00,-11.5091
316,63.20,-11.0675
317,63.40,-10.5844
318,63.60,-11.4208
319,63.80,-10.5455
320,64.00,-10.9221
321,64.20,-11.2961
322,64.40,-11.1247
323,64.60,-11.1195
324,64.80,-10.4260
325,65.00,-11.1169
326,65.20,-10.0468
327,65.40,-11.7117
328,65.60,-10.0338
329,65.80,-10.9532
330,66.00,-10.8156
331,66.20,-9.6182
332,66.40,-10.3351
333,66.60,-9.1195
334,66.80,-10.6727
335,67.00,-9.4026
336,67.20,-9.9039
337,67.40,-8.7039
338,67.60,-9.5714
339,67.80,-9.4416
340,68.00,-9.2130
341,68.20,-9.8701
342,68.40,-9.0338
343,68.60,-9.7714
344,68.80,-8.2312
345,69.00,-9.3013
346,69.20,-8.3974
347,69.40,-8.5558
348,69.60,-8.7091
349,69.80,-7.6260
350,70.00,-9.0364
351,70.20,-8.2442
352,70.40,-8.1636
353,70.60,-7.8156
354,70.80,-8.1792
355,71.00,-7.8883
356,71.20,-7.8208
357,71.40,-7.9740
358,71.60,-7.7299
359,71.80,-8.3766
360,72.00,-6.7247
361,72.20,-7.8623
362,72.40,-7.3377
363,72.60,-6.9896
364,72.80,-8.2649
365,73.00,-7.4104
366,73.20,-7.6675
367,73.40,-6.7506
368,73.60,-7.5714
369,73.80,-7.3377
370,74.00,-7.2649
371,74.20,-7.4649
372,74.40,-7.4156
373,74.60,-7.9169
374,74.80,-7.7714
375,75.00,-7.3974
376,75.20,-6.8649
377,75.40,-7.4597
378,75.60,-7.0727
379,75.80,-7.0208
380,76.00,-7.6468
381,76.20,-6.9117
382,76.40,-7.8571
383,76.60,-6.4468
384,76.80,-7.0519
385,77.00,-6.8779
386,77.20,-7.3818
387,77.40,-6.9766
388,77.60,-6.8623
389,77.80,-7.5766
390,78.00,-7.4078
391,78.20,-7.8182
392,78.40,-6.3584
393,78.60,-6.4805
394,78.80,-6.8961
395,79.00,-6.8883
396,79.20,-7.7844
397,79.40,-6.6805
398,79.60,-7.3117
399,79.80,-6.6468
400,80.00,-7.0312
401,80.20,-6.1870
402,80.40,-6.7818
403,80.60,-6.1429
404,80.80,-6.2494
405,81.00,-6.6338
406,81.20,-6.6130
407,81.40,-6.7247
408,81.60,-6.0519
409,81.80,-6.7610
410,82.00,-6.4597
411,82.20,-6.2571
412,82.40,-7.0442
413,82.60,-5.8857
414,82.80,-7.0182
415,83.00,-5.9299
416,83.20,-6.3532
417,83.40,-6.6935
418,83.60,-5.5506
419,83.80,-6.1688
420,84.00,-6.4286
421,84.20,-5.9091
422,84.40,-6.0078
423,84.60,-6.5169
424,84.80,-5.9039
425,85.00,-6.6779
426,85.20,-5.7558
427,85.40,-5.9195
428,85.60,-6.7455
429,85.80,-5.7013
430,86.00,-6.6026
431,86.20,-5.8234
432,86.40,-5.8026
433,86.60,-6.0623
434,86.80,-5.3481
435,87.00,-5.7896
436,87.20,-5.2727
437,87.40,-5.5506
438,87.60,-6.4052
439,87.80,-5.5948
440,88.00,-5.8390
441,88.20,-5.6130
442,88.40,-4.7740
443,88.60,-5.7169
444,88.80,-5.5143
445,89.00,-5.1403
446,89.20,-6.2753
447,89.40,-4.9506
448,89.60,-5.8649
449,89.80,-5.2260
450,90.00,-5.6883
451,90.20,-5.2597
452,90.40,-5.1532
453,90.60,-6.0130
454,90.80,-5.4234
455,91.00,-5.3896
456,91.20,-4.5117
457,91.40,-5.1351
458,91.60,-5.1662
459,91.80,-4.9403
460,92.00,-5.8104
461,92.20,-4.6416
462,92.40,-5.5273
463,92.60,-4.4078
464,92.80,-4.7922
465,93.00,-5.2078
466,93.20,-5.0805
467,93.40,-5.0883
468,93.60,-4.7584
469,93.80,-5.2312
470,94.00,-4.8416
471,94.20,-5.3948
472,94.40,-4.3039
473,94.60,-5.3740
474,94.80,-4.8208
475,95.00,-4.5532
476,95.20,-5.4078
477,95.40,-4.4753
478,95.60,-5.4000
479,95.80,-4.7662
480,96.00,-4.6779
481,96.20,-4.4779
482,96.40,-4.3558
483,96.60,-5.0597
484,96.80,-4.7273
485,97.00,-4.2390
486,97.20,-4.3273
487,97.40,-5.1247
488,97.60,-3.9065
489,97.80,-4.6390
490,98.00,-4.5299
491,98.20,-4.7610
492,98.40,-5.2234
493,98.60,-3.8623
494,98.80,-4.6234
495,99.00,-3.8571
496,99.20,-4.0052
497,99.40,-4.1818
498,99.60,-4.5688
499,99.80,-5.2000
500,100.00,-4.3195
501,100.20,-4.5714
502,100.40,-4.2026
503,100.60,-4.4442
504,100.80,-3.9429
505,101.00,-4.4494
506,101.20,-3.2623
507,101.40,-4.0753
508,101.60,-4.0286
509,101.80,-3.5506
510,102.00,-4.4675
511,102.20,-3.5039
512,102.40,-4.1844
513,102.60,-3.5584
514,102.80,-3.8883
515,103.00,-4.1403
516,103.20,-3.5688
517,103.40,-4.5403
518,103.60,-4.0987
519,103.80,-4.5299
520,104.00,-3.4234
521,104.20,-4.0805
522,104.40,-4.1429
523,104.60,-3.6753
524,104.80,-3.8909
525,105.00,-3.7766
526,105.20,-4.0182
527,105.40,-3.6052
528,105.60,-4.1117
529,105.80,-3.7948
530,106.00,-3.8494
531,106.20,-4.0052
532,106.40,-3.9273
533,106.60,-4.3766
534,106.80,-3.7481
535,107.00,-3.8078
536,107.20,-3.4078
537,107.40,-4.5584
538,107.60,-3.7455
539,107.80,-3.5351
540,108.00,-4.5481
541,108.20,-3.2727
542,108.40,-4.1558
543,108.60,-3.4597
544,108.80,-4.1169
545,109.00,-3.8130
546,109.20,-4.0675
547,109.40,-4.2156
548,109.60,-3.5870
549,109.80,-3.9169
550,110.00,-3.8571
551,110.20,-4.3403
552,110.40,-2.9948
553,110.60,-3.7532
554,110.80,-4.0052
555,111.00,-4.1506
556,111.20,-4.4286
557,111.40,-3.4416
558,111.60,-4.5584
559,111.80,-3.7221
560,112.00,-3.9896
561,112.20,-3.7870
562,112.40,-3.9870
563,112.60,-4.0390
564,112.80,-3.8935
565,113.00,-4.2390
566,113.20,-3.8182
567,113.40,-4.5584
568,113.60,-3.9351
569,113.80,-4.7455
570,114.00,-3.4545
571,114.20,-4.0571
572,114.40,-4.1455
573,114.60,-3.9818
574,114.80,-4.3714
575,115.00,-4.4416
576,115.20,-3.9429
577,115.40,-3.7506
578,115.60,-4.3558
579,115.80,-4.5714
580,116.00,-3.7117
581,116.20,-4.2649
582,116.40,-4.4052
583,116.60,-4.6000
584,116.80,-3.6727
585,117.00,-4.1273
586,117.20,-4.4312
587,117.40,-4.0416
588,117.60,-4.9922
589,117.80,-3.5143
590,118.00,-4.3636
591,118.20,-3.4182
592,118.40,-4.6182
593,118.60,-3.7974
594,118.80,-4.0753
595,119.00,-4.2909
