#4mm step:4 rot:500
count,distance,weight
0,0.00,-0.3325
1,0.20,-1.1688
2,0.40,-1.3506
3,0.60,-2.3792
4,0.80,-2.5688
5,1.00,-3.0571
6,1.20,-4.6208
7,1.40,-4.0104
8,1.60,-5.6545
9,1.80,-5.2390
10,2.00,-6.5506
11,2.20,-7.0078
12,2.40,-7.3403
13,2.60,-8.2545
14,2.80,-8.6156
15,3.00,-9.6026
16,3.20,-9.8260
17,3.40,-10.8571
18,3.60,-11.7506
19,3.80,-12.1740
20,4.00,-13.6545
21,4.20,-13.1844
22,4.40,-13.7766
23,4.60,-13.8597
24,4.80,-15.1039
25,5.00,-15.5143
26,5.20,-16.7221
27,5.40,-17.4623
28,5.60,-17.2234
29,5.80,-19.1195
30,6.00,-20.1636
31,6.20,-20.8000
32,6.40,-21.7818
33,6.60,-23.4026
34,6.80,-24.1169
35,7.00,-25.6987
36,7.20,-28.0208
37,7.40,-28.0364
38,7.60,-31.3325
39,7.80,-31.9377
40,8.00,-34.1429
41,8.20,-35.6182
42,8.40,-37.7429
43,8.60,-39.3896
44,8.80,-40.8805
45,9.00,-42.6416
46,9.20,-43.8571
47,9.40,-45.6545
48,9.60,-46.1532
49,9.80,-48.9610
50,10.00,-50.0286
51,10.20,-52.3247
52,10.40,-54.6649
53,10.60,-55.6312
54,10.80,-59.1818
55,11.00,-59.7377
56,11.20,-62.5532
57,11.40,-63.9896
58,11.60,-65.8623
59,11.80,-68.7247
60,12.00,-69.6182
61,12.20,-71.6468
62,12.40,-73.0026
63,12.60,-75.0961
64,12.80,-77.3714
65,13.00,-79.0416
66,13.20,-79.6104
67,13.40,-82.4494
68,13.60,-83.5013
69,13.80,-84.8078
70,14.00,-87.5351
71,14.20,-88.1507
72,14.40,-90.0753
73,14.60,-91.5143
74,14.80,-93.2546
75,15.00,-95.3351
76,15.20,-95.9558
77,15.40,-98.1558
78,15.60,-98.9169
79,15.80,-100.1896
80,16.00,-100.6390
81,16.20,-102.4260
82,16.40,-103.5039
83,16.60,-103.6416
84,16.80,-105.3143
85,17.00,-105.3610
86,17.20,-106.0182
87,17.40,-106.2883
88,17.60,-107.4312
89,17.80,-107.4234
90,18.00,-108.4442
91,18.20,-108.3636
92,18.40,-108.8857
93,18.60,-109.0000
94,18.80,-109.6000
95,19.00,-108.8779
96,19.20,-108.7922
97,19.40,-109.2312
98,19.60,-108.8390
99,19.80,-108.2052
100,20.00,-108.9403
101,20.20,-107.3974
102,20.40,-107.8026
103,20.60,-106.0701
104,20.80,-106.0909
105,21.00,-105.9195
106,21.20,-105.5403
107,21.40,-104.5636
108,21.60,-103.6026
109,21.80,-102.6416
110,22.00,-102.4104
111,22.20,-102.1662
112,22.40,-100.4987
113,22.60,-99.6078
114,22.80,-98.5091
115,23.00,-98.6623
116,23.20,-97.7325
117,23.40,-96.0312
118,23.60,-95.8935
119,23.80,-93.8753
120,24.00,-93.6701
121,24.20,-92.2831
122,24.40,-90.9351
123,24.60,-90.7844
124,24.80,-88.9455
125,25.00,-87.1818
126,25.20,-86.3922
127,25.40,-85.4909
128,25.60,-84.1844
129,25.80,-83.1636
130,26.00,-82.1195
131,26.20,-81.0182
132,26.40,-79.3948
133,26.60,-77.5532
134,26.80,-77.2675
135,27.00,-74.8260
136,27.20,-74.3117
137,27.40,-72.9117
138,27.60,-71.0857
139,27.80,-70.2961
140,28.00,-69.0883
141,28.20,-68.4597
142,28.40,-66.9610
143,28.60,-65.7636
144,28.80,-64.3299
145,29.00,-63.2779
146,29.20,-62.4338
147,29.40,-61.5922
148,29.60,-60.9896
149,29.80,-59.2208
150,30.00,-58.8831
151,30.20,-58.0909
152,30.40,-57.1818
153,30.60,-56.3117
154,30.80,-55.3325
155,31.00,-54.3247
156,31.20,-53.6779
157,31.40,-53.4104
158,31.60,-52.1117
159,31.80,-52.1455
160,32.00,-50.7091
161,32.20,-50.8390
162,32.40,-49.6286
163,32.60,-48.7429
164,32.80,-49.0234
165,33.00,-47.4623
166,33.20,-47.4052
167,33.40,-46.1481
168,33.60,-45.0494
169,33.80,-45.5403
170,34.00,-44.1325
171,34.20,-43.9688
172,34.40,-43.4286
173,34.60,-42.3688
174,34.80,-42.5247
175,35.00,-41.3143
176,35.20,-40.3922
177,35.40,-40.7325
178,35.60,-39.5403
179,35.80,-39.2571
180,36.00,-39.1065
181,36.20,-37.9870
182,36.40,-38.5091
183,36.60,-37.0026
184,36.80,-36.8493
185,37.00,-36.1429
186,37.20,-35.3117
187,37.40,-35.7740
188,37.60,-34.7091
189,37.80,-34.6182
190,38.00,-34.0675
191,38.20,-33.4442
192,38.40,-33.1688
193,38.60,-32.2857
194,38.80,-31.5195
195,39.00,-31.3974
196,39.20,-31.3481
197,39.40,-30.8390
198,39.60,-31.0571
199,39.80,-29.8130
200,40.00,-29.7558
201,40.20,-29.0883
202,40.40,-28.4779
203,40.60,-29.0078
204,40.80,-27.6130
205,41.00,-27.6753
206,41.20,-27.3870
207,41.40,-27.0545
208,41.60,-26.1740
209,41.80,-26.0286
210,42.00,-26.2156
211,42.20,-25.6312
212,42.40,-25.9584
213,42.60,-24.5610
214,42.80,-25.3532
215,43.00,-23.7766
216,43.20,-24.1299
217,43.40,-23.6468
218,43.60,-23.4831
219,43.80,-23.4987
220,44.00,-22.9481
221,44.20,-22.7506
222,44.40,-22.3688
223,44.60,-22.3325
224,44.80,-21.5896
225,45.00,-21.7558
226,45.20,-20.7662
227,45.40,-20.7532
228,45.60,-20.7065
229,45.80,-19.9896
230,46.00,-20.5766
231,46.20,-19.9169
232,46.40,-20.2364
233,46.60,-20.7636
234,46.80,-20.7481
235,47.00,-20.0312
236,47.20,-19.2883
237,47.40,-18.4390
238,47.60,-18.2779
239,47.80,-18.5117
240,48.00,-18.2052
241,48.20,-18.2078
242,48.40,-18.0286
243,48.60,-17.5273
244,48.80,-18.2364
245,49.00,-16.9143
246,49.20,-17.8753
247,49.40,-16.1506
248,49.60,-16.5974
249,49.80,-16.6727
250,50.00,-16.6468
251,50.20,-16.7896
252,50.40,-15.7377
253,50.60,-16.4961
254,50.80,-15.5766
255,51.00,-15.8156
256,51.20,-14.9403
257,51.40,-15.3143
258,51.60,-14.5532
259,51.80,-14.9844
260,52.00,-14.8234
261,52.20,-14.4935
262,52.40,-15.4519
263,52.60,-13.6909
264,52.80,-14.3377
265,53.00,-13.4286
266,53.20,-13.9455
267,53.40,-14.2078
268,53.60,-13.4130
269,53.80,-13.6753
270,54.00,-12.6727
271,54.20,-13.4623
272,54.40,-12.3195
273,54.60,-12.9662
274,54.80,-12.5351
275,55.00,-12.2312
276,55.20,-13.0935
277,55.40,-12.0026
278,55.60,-12.3922
279,55.80,-12.1870
280,56.00,-11.8130
281,56.20,-11.6234
282,56.40,-12.2675
283,56.60,-11.7948
284,56.80,-11.4727
285,57.00,-12.1455
286,57.20,-11.7455
287,57.40,-11.7714
288,57.60,-10.9351
289,57.80,-12.0649
290,58.00,-10.9662
291,58.20,-11.2390
292,58.40,-11.3351
293,58.60,-10.6286
294,58.80,-11.7740
295,59.00,-11.5455
296,59.20,-10.8364
297,59.40,-11.2078
298,59.60,-10.6675
299,59.80,-11.7403
300,60.00,-10.9766
301,60.20,-11.2078
302,60.40,-10.4338
303,60.60,-11.0312
304,60.80,-9.7143
305,61.00,-10.9610
306,61.20,-10.4208
307,61.40,-10.2701
308,61.60,-11.0104
309,61.80,-9.7325
310,62.00,-10.7013
311,62.20,-9.3558
312,62.40,-9.8727
313,62.60,-9.6753
314,62.80,-9.9377
315,63.00,-10.4104
316,63.20,-9.3403
317,63.40,-10.1714
318,63.60,-9.2494
319,63.80,-9.7870
320,64.00,-9.7481
321,64.20,-9.5195
322,64.40,-8.6623
323,64.60,-9.5377
324,64.80,-9.6338
325,65.00,-8.7558
326,65.20,-9.9169
327,65.40,-9.4156
328,65.60,-9.1195
329,65.80,-8.5610
330,66.00,-9.1688
331,66.20,-9.2338
332,66.40,-8.6494
333,66.60,-9.0312
334,66.80,-8.5740
335,67.00,-9.1039
336,67.20,-8.3143
337,67.40,-7.6779
338,67.60,-8.1247
339,67.80,-7.6312
340,68.00,-8.6571
341,68.20,-7.5169
342,68.40,-8.2545
343,68.60,-7.0026
344,68.80,-7.4364
345,69.00,-6.6753
346,69.20,-7.4571
347,69.40,-7.2935
348,69.60,-6.9584
349,69.80,-7.2338
350,70.00,-6.6753
351,70.20,-7.4364
352,70.40,-5.9195
353,70.60,-6.5117
354,70.80,-5.7792
355,71.00,-6.2649
356,71.20,-6.5558
357,71.40,-5.7273
358,71.60,-6.9558
359,71.80,-5.6753
360,72.00,-6.1039
361,72.20,-6.5065
362,72.40,-5.4494
363,72.60,-6.4390
364,72.80,-6.3065
365,73.00,-5.9481
366,73.20,-5.6234
367,73.40,-6.2364
368,73.60,-5.2208
369,73.80,-5.9325
370,74.00,-5.5792
371,74.20,-5.8909
372,74.40,-6.1299
373,74.60,-4.9429
374,74.80,-6.1844
375,75.00,-4.9013
376,75.20,-5.6338
377,75.40,-5.4442
378,75.60,-5.1584
379,75.80,-5.7584
380,76.00,-5.1351
381,76.20,-5.7351
382,76.40,-5.2182
383,76.60,-5.0312
384,76.80,-4.7584
385,77.00,-5.9818
386,77.20,-4.5740
387,77.40,-5.0909
388,77.60,-5.8909
389,77.80,-4.8675
390,78.00,-5.9195
391,78.20,-4.5688
392,78.40,-5.1506
393,78.60,-5.4623
394,78.80,-5.6519
395,79.00,-5.8104
396,79.20,-4.7455
397,79.40,-5.7948
398,79.60,-4.4312
399,79.80,-5.2597
400,80.00,-4.4831
401,80.20,-4.9195
402,80.40,-4.9844
403,80.60,-4.7221
404,80.80,-5.3896
405,81.00,-4.2390
406,81.20,-5.1429
407,81.40,-4.1662
408,81.60,-4.9714
409,81.80,-3.9117
410,82.00,-4.4961
411,82.20,-4.5532
412,82.40,-4.3948
413,82.60,-4.5714
414,82.80,-4.6286
415,83.00,-4.3013
416,83.20,-3.9896
417,83.40,-4.7403
418,83.60,-4.0260
419,83.80,-4.1896
420,84.00,-4.5299
421,84.20,-3.5662
422,84.40,-4.3532
423,84.60,-3.5688
424,84.80,-4.2571
425,85.00,-5.2545
426,85.20,-4.8364
427,85.40,-4.5143
428,85.60,-3.9143
429,85.80,-3.7065
430,86.00,-4.6883
431,86.20,-3.9818
432,86.40,-3.2078
433,86.60,-4.1013
434,86.80,-3.9455
435,87.00,-3.8338
436,87.20,-3.9117
437,87.40,-2.9792
438,87.60,-4.5766
439,87.80,-3.6442
440,88.00,-4.2519
441,88.20,-4.1922
442,88.40,-3.7117
443,88.60,-3.9195
444,88.80,-3.8883
445,89.00,-4.3247
446,89.20,-4.1870
447,89.40,-3.6416
448,89.60,-4.0468
449,89.80,-3.3481
450,90.00,-3.0364
451,90.20,-3.9247
452,90.40,-3.9247
453,90.60,-3.3766
454,90.80,-4.0416
455,91.00,-2.7091
456,91.20,-4.0442
457,91.40,-3.3247
458,91.60,-3.3610
459,91.80,-3.9221
460,92.00,-3.5039
461,92.20,-3.8961
462,92.40,-3.1143
463,92.60,-3.9039
464,92.80,-2.9481
465,93.00,-3.3195
466,93.20,-3.3896
467,93.40,-3.4987
468,93.60,-3.9662
469,93.80,-2.8442
470,94.00,-3.8104
471,94.20,-3.0000
472,94.40,-3.3299
473,94.60,-2.8831
474,94.80,-3.1325
475,95.00,-3.3195
476,95.20,-3.6156
477,95.40,-3.9013
478,95.60,-2.5610
479,95.80,-3.4935
480,96.00,-2.4623
481,96.20,-3.7403
482,96.40,-2.3688
483,96.60,-3.3299
484,96.80,-3.8130
485,97.00,-3.0078
486,97.20,-3.9091
487,97.40,-3.2779
488,97.60,-2.8364
489,97.80,-2.8234
490,98.00,-3.1169
491,98.20,-3.2675
492,98.40,-3.0156
493,98.60,-2.8831
494,98.80,-3.9169
495,99.00,-3.3039
496,99.20,-2.5039
497,99.40,-3.5662
498,99.60,-2.8260
499,99.80,-3.0234
500,100.00,-3.6753
501,100.20,-2.5247
502,100.40,-3.5195
503,100.60,-2.4260
504,100.80,-2.4260
505,101.00,-2.3377
506,101.20,-2.0753
507,101.40,-3.3195
508,101.60,-3.1143
509,101.80,-3.2390
510,102.00,-2.7247
511,102.20,-3.0442
512,102.40,-2.4857
513,102.60,-3.1221
514,102.80,-2.8935
515,103.00,-3.1039
516,103.20,-3.4286
517,103.40,-2.2104
518,103.60,-3.5610
519,103.80,-2.6364
520,104.00,-2.8468
521,104.20,-2.9610
522,104.40,-2.8935
523,104.60,-3.1403
524,104.80,-2.9818
525,105.00,-3.2883
526,105.20,-3.3558
527,105.40,-3.4597
528,105.60,-3.2182
529,105.80,-3.5325
530,106.00,-3.1896
531,106.20,-2.9506
532,106.40,-3.6468
533,106.60,-2.3740
534,106.80,-3.6571
535,107.00,-2.7740
536,107.20,-2.7662
537,107.40,-2.0961
538,107.60,-3.1247
539,107.80,-3.2597
540,108.00,-3.0779
541,108.20,-3.2935
542,108.40,-2.4883
543,108.60,-3.1792
544,108.80,-2.5117
545,109.00,-3.8519
546,109.20,-2.8701
547,109.40,-2.7584
548,109.60,-3.7948
549,109.80,-2.8182
550,110.00,-3.5247
551,110.20,-2.9169
552,110.40,-3.0312
553,110.60,-3.5143
554,110.80,-3.4519
555,111.00,-3.4831
556,111.20,-2.9377
557,111.40,-3.0935
558,111.60,-3.2156
559,111.80,-4.0442
560,112.00,-2.8442
561,112.20,-3.6649
562,112.40,-2.5844
563,112.60,-3.3584
564,112.80,-3.6078
565,113.00,-2.6961
566,113.20,-4.1948
567,113.40,-3.1377
568,113.60,-3.3688
569,113.80,-3.0234
570,114.00,-3.2753
571,114.20,-3.6026
572,114.40,-3.4468
573,114.60,-2.9403
574,114.80,-3.2286
575,115.00,-3.3584
576,115.20,-3.7714
577,115.40,-3.6000
578,115.60,-3.0416
579,115.80,-3.1610
580,116.00,-3.6312
581,116.20,-3.0675
582,116.40,-4.0312
583,116.60,-2.8338
584,116.80,-3.7714
585,117.00,-2.8987
586,117.20,-3.3195
587,117.40,-3.4182
588,117.60,-3.3610
589,117.80,-3.6935
590,118.00,-3.3403
