#5mm step:4 rot:500
count,distance,weight
0,0.00,0.1558
1,0.20,-0.7844
2,0.40,-0.3636
3,0.60,-0.8883
4,0.80,-0.8260
5,1.00,-0.5870
6,1.20,-1.4545
7,1.40,-1.0597
8,1.60,-1.3766
9,1.80,-1.7351
10,2.00,-1.7429
11,2.20,-1.8753
12,2.40,-2.5844
13,2.60,-2.3662
14,2.80,-3.1039
15,3.00,-3.2935
16,3.20,-3.4078
17,3.40,-4.7065
18,3.60,-4.3636
19,3.80,-5.3688
20,4.00,-5.7429
21,4.20,-6.4156
22,4.40,-7.4831
23,4.60,-7.2000
24,4.80,-8.5714
25,5.00,-8.9325
26,5.20,-10.2286
27,5.40,-10.3662
28,5.60,-11.9221
29,5.80,-12.4338
30,6.00,-12.9377
31,6.20,-14.2805
32,6.40,-14.2961
33,6.60,-15.8909
34,6.80,-16.2675
35,7.00,-17.6208
36,7.20,-17.1013
37,7.40,-17.7221
38,7.60,-18.4935
39,7.80,-18.8416
40,8.00,-20.0831
41,8.20,-20.3429
42,8.40,-22.1896
43,8.60,-21.9403
44,8.80,-24.1584
45,9.00,-24.0494
46,9.20,-25.7922
47,9.40,-27.8961
48,9.60,-27.8442
49,9.80,-30.9169
50,10.00,-30.8286
51,10.20,-33.0234
52,10.40,-35.0987
53,10.60,-35.0390
54,10.80,-36.7896
55,11.00,-38.1870
56,11.20,-39.9247
57,11.40,-41.6961
58,11.60,-42.6701
59,11.80,-42.7143
60,12.00,-45.6312
61,12.20,-46.1351
62,12.40,-48.1377
63,12.60,-50.3818
64,12.80,-50.2286
65,13.00,-52.6701
66,13.20,-53.5377
67,13.40,-55.3714
68,13.60,-56.2545
69,13.80,-57.6805
70,14.00,-59.6104
71,14.20,-61.0779
72,14.40,-62.2961
73,14.60,-64.3325
74,14.80,-65.3039
75,15.00,-66.7273
76,15.20,-68.2468
77,15.40,-69.3195
78,15.60,-70.7766
79,15.80,-71.9974
80,16.00,-73.0364
81,16.20,-75.0961
82,16.40,-75.4182
83,16.60,-77.2000
84,16.80,-77.9403
85,17.00,-79.4753
86,17.20,-81.1377
87,17.40,-81.7922
88,17.60,-83.4623
89,17.80,-83.5169
90,18.00,-84.8571
91,18.20,-85.1844
92,18.40,-86.3195
93,18.60,-86.9922
94,18.80,-87.5584
95,19.00,-88.7766
96,19.20,-89.0961
97,19.40,-90.1091
98,19.60,-90.3507
99,19.80,-91.3117
100,20.00,-90.8909
101,20.20,-91.4623
102,20.40,-91.9039
103,20.60,-91.5273
104,20.80,-91.8182
105,21.00,-92.2805
106,21.20,-92.6857
107,21.40,-91.6442
108,21.60,-92.1662
109,21.80,-92.4545
110,22.00,-91.9896
111,22.20,-91.8104
112,22.40,-90.8909
113,22.60,-91.4753
114,22.80,-90.5714
115,23.00,-90.6000
116,23.20,-90.4156
117,23.40,-90.0468
118,23.60,-88.9558
119,23.80,-88.3377
120,24.00,-87.8104
121,24.20,-87.7429
122,24.40,-87.5273
123,24.60,-86.0078
124,24.80,-86.3143
125,25.00,-84.9013
126,25.20,-84.5377
127,25.40,-84.4545
128,25.60,-82.7584
129,25.80,-83.5273
130,26.00,-81.3325
131,26.20,-80.7351
132,26.40,-80.5169
133,26.60,-79.3766
134,26.80,-78.5221
135,27.00,-77.8442
136,27.20,-77.1584
137,27.40,-76.2831
138,27.60,-74.8364
139,27.80,-73.8026
140,28.00,-73.3403
141,28.20,-72.1688
142,28.40,-71.4805
143,28.60,-70.0753
144,28.80,-69.2026
145,29.00,-69.0338
146,29.20,-67.5714
147,29.40,-66.6260
148,29.60,-65.5065
149,29.80,-64.2649
150,30.00,-63.2857
151,30.20,-62.1766
152,30.40,-62.0026
153,30.60,-61.0494
154,30.80,-60.1091
155,31.00,-58.9117
156,31.20,-58.8052
157,31.40,-57.8779
158,31.60,-57.1117
159,31.80,-56.6000
160,32.00,-55.5922
161,32.20,-55.4364
162,32.40,-54.0545
163,32.60,-53.2831
164,32.80,-53.2156
165,33.00,-52.6701
166,33.20,-52.1740
167,33.40,-51.7792
168,33.60,-51.2026
169,33.80,-50.7610
170,34.00,-50.3065
171,34.20,-48.9325
172,34.40,-48.6623
173,34.60,-47.7065
174,34.80,-47.0571
175,35.00,-46.9922
176,35.20,-44.9844
177,35.40,-45.7273
178,35.60,-44.8545
179,35.80,-43.8442
180,36.00,-43.7922
181,36.20,-42.8000
182,36.40,-42.1429
183,36.60,-42.0130
184,36.80,-41.3143
185,37.00,-40.9455
186,37.20,-40.9195
187,37.40,-39.5974
188,37.60,-40.2078
189,37.80,-39.0156
190,38.00,-38.5636
191,38.20,-38.2987
192,38.40,-37.3481
193,38.60,-37.7636
194,38.80,-36.6883
195,39.00,-36.3662
196,39.20,-35.8364
197,39.40,-35.0260
198,39.60,-35.4831
199,39.80,-34.6857
200,40.00,-34.6052
201,40.20,-33.7039
202,40.40,-34.0571
203,40.60,-32.8675
204,40.80,-33.1558
205,41.00,-32.3429
206,41.20,-31.9273
207,41.40,-32.0442
208,41.60,-30.9273
209,41.80,-31.6026
210,42.00,-30.2727
211,42.20,-30.6831
212,42.40,-29.9818
213,42.60,-29.4545
214,42.80,-29.4649
215,43.00,-29.1922
216,43.20,-29.0987
217,43.40,-28.1506
218,43.60,-28.3922
219,43.80,-27.5766
220,44.00,-28.0753
221,44.20,-27.6338
222,44.40,-26.4935
223,44.60,-27.3714
224,44.80,-26.1662
225,45.00,-26.5792
226,45.20,-25.7117
227,45.40,-25.7584
228,45.60,-25.0494
229,45.80,-24.9429
230,46.00,-24.3325
231,46.20,-24.5558
232,46.40,-24.8130
233,46.60,-23.8390
234,46.80,-23.9662
235,47.00,-22.9532
236,47.20,-23.8779
237,47.40,-23.0494
238,47.60,-22.0571
239,47.80,-23.4130
240,48.00,-22.1636
241,48.20,-22.3792
242,48.40,-22.9974
243,48.60,-23.1169
244,48.80,-22.1039
245,49.00,-21.6883
246,49.20,-21.3506
247,49.40,-21.1688
248,49.60,-21.0623
249,49.80,-21.1506
250,50.00,-21.6416
251,50.20,-20.2753
252,50.40,-20.4416
253,50.60,-19.8909
254,50.80,-20.1766
255,51.00,-20.0571
256,51.20,-19.0831
257,51.40,-19.6104
258,51.60,-18.6987
259,51.80,-19.5221
260,52.00,-18.9636
261,52.20,-18.9610
262,52.40,-18.7506
263,52.60,-18.4000
264,52.80,-18.8156
265,53.00,-18.3273
266,53.20,-18.0338
267,53.40,-17.1195
268,53.60,-18.3740
269,53.80,-17.4208
270,54.00,-17.5403
271,54.20,-17.2935
272,54.40,-16.3221
273,54.60,-17.6390
274,54.80,-16.6416
275,55.00,-17.1013
276,55.20,-16.1922
277,55.40,-16.5974
278,55.60,-15.8701
279,55.80,-15.9117
280,56.00,-16.3948
281,56.20,-15.5506
282,56.40,-15.9039
283,56.60,-15.5584
284,56.80,-15.6026
285,57.00,-15.8494
286,57.20,-14.8779
287,57.40,-15.1974
288,57.60,-14.7688
289,57.80,-15.1117
290,58.00,-14.6468
291,58.20,-15.3532
292,58.40,-14.4493
293,58.60,-15.0468
294,58.80,-14.7662
295,59.00,-14.4104
296,59.20,-14.4779
297,59.40,-14.1455
298,59.60,-15.2182
299,59.80,-13.8234
300,60.00,-14.5714
301,60.20,-13.8961
302,60.40,-14.3792
303,60.60,-15.4727
304,60.80,-13.4156
305,61.00,-13.8727
306,61.20,-13.6234
307,61.40,-14.3870
308,61.60,-13.5766
309,61.80,-14.2182
310,62.00,-13.7584
311,62.20,-13.5039
312,62.40,-14.1273
313,62.60,-12.9948
314,62.80,-13.6831
315,63.00,-12.6000
316,63.20,-14.2338
317,63.40,-13.4000
318,63.60,-13.0597
319,63.80,-13.9714
320,64.00,-12.7922
321,64.20,-13.5558
322,64.40,-12.5922
323,64.60,-13.3610
324,64.80,-13.2545
325,65.00,-12.3636
326,65.20,-12.6182
327,65.40,-11.9481
328,65.60,-13.2208
329,65.80,-12.2753
330,66.00,-12.1974
331,66.20,-11.1351
332,66.40,-12.2364
333,66.60,-11.3532
334,66.80,-12.0545
335,67.00,-12.2416
336,67.20,-11.4208
337,67.40,-12.0597
338,67.60,-11.8494
339,67.80,-11.4156
340,68.00,-10.8623
341,68.20,-10.8000
342,68.40,-10.7351
343,68.60,-10.5429
344,68.80,-11.5532
345,69.00,-10.5740
346,69.20,-11.2649
347,69.40,-10.0104
348,69.60,-10.9169
349,69.80,-10.8571
350,70.00,-10.2519
351,70.20,-10.8597
352,70.40,-9.9558
353,70.60,-10.5662
354,70.80,-10.0727
355,71.00,-10.2649
356,71.20,-9.8571
357,71.40,-10.2779
358,71.60,-9.6442
359,71.80,-10.2390
360,72.00,-10.0078
361,72.20,-9.2909
362,72.40,-10.6545
363,72.60,-10.2442
364,72.80,-10.6857
365,73.00,-9.6961
366,73.20,-9.7429
367,73.40,-10.5662
368,73.60,-9.3896
369,73.80,-10.0104
370,74.00,-9.5351
371,74.20,-9.9532
372,74.40,-9.8623
373,74.60,-9.4130
374,74.80,-9.5506
375,75.00,-9.9532
376,75.20,-9.7558
377,75.40,-10.5195
378,75.60,-10.2649
379,75.80,-9.3403
380,76.00,-10.3377
381,76.20,-9.7662
382,76.40,-9.5636
383,76.60,-10.7273
384,76.80,-9.0805
385,77.00,-10.2052
386,77.20,-9.5792
387,77.40,-10.0312
388,77.60,-9.4519
389,77.80,-9.8000
390,78.00,-9.9532
391,78.20,-9.7403
392,78.40,-9.3766
393,78.60,-9.4078
394,78.80,-9.8234
395,79.00,-9.7429
396,79.20,-9.1013
397,79.40,-8.6961
398,79.60,-8.7974
399,79.80,-9.6779
400,80.00,-8.9896
401,80.20,-9.7818
402,80.40,-8.3818
403,80.60,-9.1455
404,80.80,-9.1974
405,81.00,-9.5065
406,81.20,-9.5558
407,81.40,-8.8026
408,81.60,-9.7974
409,81.80,-8.4597
410,82.00,-9.4571
411,82.20,-9.0961
412,82.40,-8.8416
413,82.60,-9.2545
414,82.80,-8.9558
415,83.00,-9.5247
416,83.20,-8.9299
417,83.40,-9.6649
418,83.60,-9.8753
419,83.80,-9.1636
420,84.00,-9.1455
421,84.20,-8.8390
422,84.40,-8.6026
423,84.60,-8.7558
424,84.80,-9.0779
425,85.00,-8.0519
426,85.20,-9.0442
427,85.40,-7.8494
428,85.60,-9.0234
429,85.80,-8.2519
430,86.00,-8.5273
431,86.20,-8.9558
432,86.40,-8.1351
433,86.60,-8.5429
434,86.80,-8.3922
435,87.00,-8.6805
436,87.20,-8.2909
437,87.40,-8.5766
438,87.60,-8.4753
439,87.80,-8.5688
440,88.00,-7.9429
441,88.20,-8.0987
442,88.40,-8.0078
443,88.60,-7.4649
444,88.80,-8.5558
445,89.00,-8.3662
446,89.20,-8.0104
447,89.40,-8.7377
448,89.60,-7.6130
449,89.80,-8.7169
450,90.00,-8.1247
451,90.20,-7.8519
452,90.40,-7.7195
453,90.60,-7.7506
454,90.80,-8.4545
455,91.00,-8.3636
456,91.20,-8.0623
457,91.40,-7.6494
458,91.60,-8.2052
459,91.80,-7.4208
460,92.00,-8.2312
461,92.20,-7.8312
462,92.40,-7.5091
463,92.60,-8.4831
464,92.80,-7.3506
465,93.00,-7.7351
466,93.20,-7.4494
467,93.40,-8.0182
468,93.60,-7.9247
469,93.80,-8.0260
470,94.00,-7.7429
471,94.20,-7.6338
472,94.40,-8.4390
473,94.60,-7.6052
474,94.80,-8.0000
475,95.00,-6.9039
476,95.20,-8.0130
477,95.40,-8.2234
478,95.60,-7.3403
479,95.80,-7.8390
480,96.00,-7.0857
481,96.20,-7.4675
482,96.40,-7.9844
483,96.60,-7.5636
484,96.80,-6.8909
485,97.00,-7.8468
486,97.20,-6.9792
487,97.40,-7.6416
488,97.60,-7.2052
489,97.80,-7.4545
490,98.00,-7.8779
491,98.20,-6.8078
492,98.40,-7.1377
493,98.60,-6.9481
494,98.80,-6.9974
495,99.00,-7.5455
496,99.20,-6.3195
497,99.40,-7.1610
498,99.60,-6.8857
499,99.80,-7.2416
500,100.00,-7.0805
501,100.20,-7.4130
502,100.40,-6.9325
503,100.60,-7.4156
504,100.80,-6.8494
505,101.00,-7.6260
506,101.20,-7.5844
507,101.40,-6.9403
508,101.60,-7.1195
509,101.80,-7.0597
510,102.00,-6.8571
511,102.20,-7.1714
512,102.40,-6.3818
513,102.60,-7.2338
514,102.80,-7.2909
515,103.00,-7.0078
516,103.20,-6.4857
517,103.40,-6.8701
518,103.60,-7.6338
519,103.80,-6.5455
520,104.00,-6.9506
521,104.20,-6.4000
522,104.40,-7.1481
523,104.60,-6.3792
524,104.80,-6.9922
525,105.00,-6.2442
526,105.20,-6.6312
527,105.40,-7.0078
528,105.60,-6.2571
529,105.80,-7.2416
530,106.00,-6.6675
531,106.20,-6.7247
532,106.40,-6.5532
533,106.60,-6.7532
534,106.80,-6.9662
535,107.00,-6.6779
536,107.20,-6.6753
537,107.40,-6.4338
538,107.60,-7.3870
539,107.80,-6.2675
540,108.00,-7.2312
541,108.20,-7.2182
542,108.40,-6.5506
543,108.60,-7.4026
544,108.80,-6.5065
545,109.00,-6.7948
546,109.20,-6.9481
547,109.40,-6.5818
548,109.60,-6.3091
549,109.80,-6.7688
550,110.00,-6.6104
551,110.20,-7.1792
552,110.40,-7.3792
553,110.60,-6.1377
554,110.80,-7.8701
555,111.00,-6.3818
556,111.20,-7.3351
557,111.40,-6.9221
558,111.60,-6.6364
559,111.80,-7.6519
560,112.00,-6.8104
561,112.20,-7.1221
562,112.40,-6.6727
563,112.60,-6.6052
564,112.80,-6.6182
565,113.00,-7.1377
566,113.20,-6.8260
567,113.40,-7.2701
568,113.60,-7.2442
569,113.80,-6.6078
570,114.00,-7.5610
571,114.20,-6.4026
572,114.40,-7.7325
573,114.60,-7.2623
574,114.80,-7.1429
575,115.00,-7.2571
576,115.20,-6.8234
577,115.40,-7.0961
578,115.60,-7.1740
579,115.80,-7.4675
580,116.00,-7.4675
581,116.20,-7.3844
582,116.40,-7.4468
583,116.60,-6.8494
584,116.80,-7.2494
585,117.00,-6.6987
586,117.20,-7.1584
587,117.40,-6.7013
588,117.60,-7.1974
589,117.80,-7.2208
590,118.00,-7.3818
591,118.20,-7.3065
592,118.40,-6.9532
593,118.60,-7.9221
594,118.80,-7.3584
595,119.00,-7.5688
596,119.20,-6.7636
597,119.40,-7.1558
598,119.60,-7.0156
599,119.80,-7.3117
600,120.00,-7.7247
601,120.20,-6.6494
602,120.40,-7.9636
603,120.60,-7.1662
604,120.80,-7.6442
605,121.00,-7.6805
606,121.20,-7.0779
607,121.40,-7.9662
608,121.60,-7.1429
609,121.80,-7.9584
610,122.00,-7.0156
611,122.20,-7.7662
612,122.40,-7.0623
613,122.60,-8.2779
614,122.80,-7.7974
615,123.00,-7.5610
616,123.20,-8.2104
617,123.40,-6.8416
618,123.60,-8.1532
619,123.80,-7.3792
620,124.00,-8.4961
621,124.20,-7.9065
622,124.40,-8.4234
623,124.60,-9.0468
624,124.80,-8.1403
625,125.00,-9.1481
626,125.20,-7.9325
627,125.40,-8.6779
628,125.60,-8.8338
629,125.80,-8.0260
630,126.00,-8.7558
631,126.20,-8.2026
632,126.40,-8.8468
633,126.60,-8.0260
634,126.80,-8.6260
635,127.00,-7.9974
636,127.20,-7.8364
637,127.40,-8.1922
638,127.60,-8.2104
639,127.80,-9.2961
640,128.00,-7.9662
641,128.20,-9.0727
642,128.40,-8.3065
643,128.60,-9.5714
644,128.80,-8.4468
645,129.00,-9.3455
646,129.20,-9.5455
647,129.40,-9.1766
648,129.60,-9.9740
649,129.80,-9.5481
650,130.00,-9.1662
651,130.20,-8.6130
652,130.40,-9.5351
653,130.60,-8.5143
654,130.80,-9.3013
655,131.00,-9.5403
656,131.20,-9.1169
657,131.40,-9.7688
658,131.60,-8.8545
659,131.80,-9.5351
660,132.00,-8.8390
661,132.20,-8.5662
662,132.40,-8.7351
663,132.60,-8.4286
664,132.80,-9.5481
665,133.00,-8.6078
666,133.20,-8.5688
667,133.40,-7.2208
668,133.60,-8.6675
669,133.80,-8.8597
670,134.00,-7.7325
671,134.20,-8.8675
672,134.40,-7.8182
673,134.60,-8.5792
674,134.80,-8.1065
675,135.00,-8.1714
676,135.20,-8.9429
677,135.40,-8.5844
678,135.60,-8.2909
679,135.80,-8.4857
680,136.00,-8.9844
