#6mm step:4 rot:500
count,distance,weight
0,0.00,-0.8545
1,0.20,-2.6727
2,0.40,-2.9948
3,0.60,-4.2649
4,0.80,-5.2260
5,1.00,-5.8701
6,1.20,-7.1870
7,1.40,-7.4649
8,1.60,-9.2364
9,1.80,-9.6234
10,2.00,-10.6104
11,2.20,-11.8519
12,2.40,-13.9221
13,2.60,-14.9481
14,2.80,-16.2364
15,3.00,-18.0000
16,3.20,-19.2208
17,3.40,-21.5792
18,3.60,-21.3247
19,3.80,-24.1948
20,4.00,-25.0883
21,4.20,-26.1247
22,4.40,-28.2156
23,4.60,-28.3766
24,4.80,-30.4312
25,5.00,-31.0234
26,5.20,-32.5039
27,5.40,-33.9143
28,5.60,-34.2909
29,5.80,-36.3844
30,6.00,-37.4208
31,6.20,-39.0312
32,6.40,-39.1870
33,6.60,-41.3922
34,6.80,-42.2078
35,7.00,-43.9143
36,7.20,-44.9325
37,7.40,-46.4364
38,7.60,-47.9948
39,7.80,-49.0987
40,8.00,-50.8364
41,8.20,-51.2883
42,8.40,-52.8260
43,8.60,-53.5948
44,8.80,-55.2078
45,9.00,-56.1273
46,9.20,-56.9844
47,9.40,-58.5714
48,9.60,-58.8364
49,9.80,-60.5818
50,10.00,-60.8805
51,10.20,-61.8493
52,10.40,-63.4831
53,10.60,-63.1455
54,10.80,-64.5221
55,11.00,-64.5870
56,11.20,-65.7403
57,11.40,-66.4831
58,11.60,-66.7065
59,11.80,-67.2156
60,12.00,-68.3429
61,12.20,-68.2364
62,12.40,-68.7195
63,12.60,-69.2000
64,12.80,-68.8078
65,13.00,-70.1143
66,13.20,-69.2675
67,13.40,-69.8597
68,13.60,-69.8545
69,13.80,-69.3584
70,14.00,-70.4494
71,14.20,-69.2623
72,14.40,-69.9091
73,14.60,-69.6494
74,14.80,-69.3896
75,15.00,-69.8442
76,15.20,-69.8208
77,15.40,-69.2000
78,15.60,-69.0286
79,15.80,-68.2390
80,16.00,-68.1299
81,16.20,-68.0597
82,16.40,-67.0727
83,16.60,-67.1091
84,16.80,-67.0000
85,17.00,-66.2805
86,17.20,-66.3247
87,17.40,-64.6623
88,17.60,-65.1247
89,17.80,-64.2987
90,18.00,-63.6753
91,18.20,-63.1169
92,18.40,-62.6026
93,18.60,-62.3117
94,18.80,-61.3403
95,19.00,-60.8493
96,19.20,-59.6208
97,19.40,-59.1481
98,19.60,-58.5948
99,19.80,-58.2026
100,20.00,-57.3714
101,20.20,-56.3273
102,20.40,-55.9299
103,20.60,-55.3039
104,20.80,-54.6753
105,21.00,-53.8364
106,21.20,-53.3507
107,21.40,-52.2494
108,21.60,-52.0286
109,21.80,-50.8260
110,22.00,-49.9922
111,22.20,-50.0000
112,22.40,-48.9532
113,22.60,-48.7273
114,22.80,-47.2442
115,23.00,-47.1974
116,23.20,-46.6883
117,23.40,-45.5299
118,23.60,-45.6675
119,23.80,-44.9039
120,24.00,-44.7506
121,24.20,-43.7792
122,24.40,-42.6234
123,24.60,-42.3429
124,24.80,-42.1429
125,25.00,-41.5169
126,25.20,-40.8130
127,25.40,-40.7818
128,25.60,-40.2234
129,25.80,-40.0519
130,26.00,-38.6649
131,26.20,-38.5922
132,26.40,-38.0078
133,26.60,-36.9896
134,26.80,-37.0260
135,27.00,-36.3870
136,27.20,-36.1766
137,27.40,-35.6753
138,27.60,-35.1714
139,27.80,-34.3507
140,28.00,-33.9377
141,28.20,-33.4701
142,28.40,-33.6312
143,28.60,-32.9714
144,28.80,-32.2364
145,29.00,-32.4519
146,29.20,-31.2519
147,29.40,-31.6675
148,29.60,-31.1247
149,29.80,-30.3221
150,30.00,-30.4130
151,30.20,-29.3273
152,30.40,-29.6364
153,30.60,-29.0987
154,30.80,-28.8052
155,31.00,-27.9818
156,31.20,-27.7325
157,31.40,-27.7714
158,31.60,-27.4987
159,31.80,-27.5870
160,32.00,-26.3818
161,32.20,-26.7299
162,32.40,-25.8805
163,32.60,-25.2026
164,32.80,-25.4831
165,33.00,-24.6026
166,33.20,-24.1896
167,33.40,-23.9844
168,33.60,-24.0390
169,33.80,-23.2078
170,34.00,-23.9558
171,34.20,-22.6208
172,34.40,-22.6182
173,34.60,-21.9039
174,34.80,-21.7610
175,35.00,-22.3403
176,35.20,-21.4519
177,35.40,-21.4753
178,35.60,-20.6597
179,35.80,-21.1039
180,36.00,-21.3688
181,36.20,-19.8987
182,36.40,-20.9065
183,36.60,-20.1117
184,36.80,-19.9974
185,37.00,-19.5143
186,37.20,-19.5792
187,37.40,-19.2909
188,37.60,-19.2312
189,37.80,-18.5481
190,38.00,-18.6935
191,38.20,-19.0571
192,38.40,-18.0571
193,38.60,-18.5455
194,38.80,-17.1169
195,39.00,-17.2805
196,39.20,-17.4961
197,39.40,-16.5948
198,39.60,-17.4130
199,39.80,-16.4026
200,40.00,-17.4208
201,40.20,-17.1325
202,40.40,-17.0442
203,40.60,-16.0571
204,40.80,-16.2545
205,41.00,-15.9299
206,41.20,-15.9974
207,41.40,-16.1896
208,41.60,-15.1273
209,41.80,-15.8675
210,42.00,-14.7065
211,42.20,-14.7766
212,42.40,-14.5584
213,42.60,-14.5429
214,42.80,-14.8026
215,43.00,-13.7584
216,43.20,-14.2597
217,43.40,-13.8987
218,43.60,-13.4104
219,43.80,-13.0104
220,44.00,-13.8519
221,44.20,-13.5818
222,44.40,-12.9688
223,44.60,-13.7792
224,44.80,-12.4000
225,45.00,-13.3532
226,45.20,-12.2857
227,45.40,-12.6623
228,45.60,-11.9039
229,45.80,-12.3818
230,46.00,-12.2130
231,46.20,-11.7143
232,46.40,-12.3039
233,46.60,-11.2156
234,46.80,-11.7169
235,47.00,-11.1506
236,47.20,-11.1221
237,47.40,-11.0026
238,47.60,-10.8883
239,47.80,-11.8312
240,48.00,-10.6831
241,48.20,-11.5792
242,48.40,-10.1922
243,48.60,-10.5299
244,48.80,-10.9844
245,49.00,-10.2649
246,49.20,-11.1870
247,49.40,-9.8156
248,49.60,-10.2234
249,49.80,-9.7065
250,50.00,-10.2390
251,50.20,-8.9870
252,50.40,-10.0260
253,50.60,-9.7039
254,50.80,-9.8104
255,51.00,-10.5013
256,51.20,-8.9247
257,51.40,-10.1636
258,51.60,-8.8909
259,51.80,-10.1325
260,52.00,-9.4026
261,52.20,-9.7584
262,52.40,-10.3221
263,52.60,-9.1455
264,52.80,-9.8649
265,53.00,-9.3143
266,53.20,-9.4909
267,53.40,-8.4078
268,53.60,-9.4545
269,53.80,-9.0649
270,54.00,-9.0000
271,54.20,-9.8571
272,54.40,-7.9688
273,54.60,-8.6104
274,54.80,-7.6260
275,55.00,-9.1065
276,55.20,-8.9870
277,55.40,-8.0208
278,55.60,-9.0104
279,55.80,-7.8286
280,56.00,-9.0857
281,56.20,-8.2649
282,56.40,-8.5039
283,56.60,-8.2935
284,56.80,-7.5818
285,57.00,-8.1740
286,57.20,-7.7143
287,57.40,-8.4649
288,57.60,-7.7584
289,57.80,-7.5351
290,58.00,-6.8545
291,58.20,-7.6805
292,58.40,-7.6416
293,58.60,-6.6571
294,58.80,-7.3247
295,59.00,-7.3818
296,59.20,-7.3143
297,59.40,-6.5091
298,59.60,-7.3922
299,59.80,-5.8416
300,60.00,-7.1974
301,60.20,-6.6338
302,60.40,-5.9195
303,60.60,-6.8545
304,60.80,-5.6519
305,61.00,-6.6519
306,61.20,-6.2260
307,61.40,-5.9844
308,61.60,-6.2468
309,61.80,-5.5455
310,62.00,-6.5558
311,62.20,-5.4623
312,62.40,-5.9299
313,62.60,-5.4390
314,62.80,-5.9740
315,63.00,-4.8519
316,63.20,-5.7169
317,63.40,-5.0571
318,63.60,-5.5662
319,63.80,-5.9844
320,64.00,-4.9481
321,64.20,-5.9766
322,64.40,-5.0519
323,64.60,-5.9974
324,64.80,-5.2364
325,65.00,-5.2753
326,65.20,-6.0753
327,65.40,-5.2364
328,65.60,-5.6104
329,65.80,-5.0416
330,66.00,-5.4623
331,66.20,-5.1818
332,66.40,-5.5896
333,66.60,-5.0468
334,66.80,-5.1403
335,67.00,-6.0182
336,67.20,-5.4234
337,67.40,-5.8208
338,67.60,-5.2078
339,67.80,-5.8052
340,68.00,-5.8883
341,68.20,-5.0078
342,68.40,-5.9221
343,68.60,-4.8416
344,68.80,-5.4623
345,69.00,-4.6805
346,69.20,-5.2026
347,69.40,-5.1688
348,69.60,-5.5247
349,69.80,-5.0831
350,70.00,-5.2390
351,70.20,-5.5792
352,70.40,-4.3922
353,70.60,-5.2883
354,70.80,-4.5740
355,71.00,-5.1714
356,71.20,-4.1792
357,71.40,-4.5714
358,71.60,-4.9091
359,71.80,-4.5221
360,72.00,-5.1636
361,72.20,-4.2078
362,72.40,-5.0260
363,72.60,-3.9896
364,72.80,-5.0753
365,73.00,-4.5714
366,73.20,-4.2026
367,73.40,-5.2104
368,73.60,-4.6935
369,73.80,-5.4104
370,74.00,-3.8675
371,74.20,-4.6390
372,74.40,-5.1403
373,74.60,-4.2545
374,74.80,-4.8182
375,75.00,-4.2753
376,75.20,-4.7896
377,75.40,-4.6390
378,75.60,-5.1481
379,75.80,-3.8571
380,76.00,-4.4727
381,76.20,-3.8364
382,76.40,-4.1662
383,76.60,-4.8416
384,76.80,-3.5740
385,77.00,-4.8675
386,77.20,-3.5948
387,77.40,-4.3403
388,77.60,-3.7818
389,77.80,-3.8857
390,78.00,-4.4961
391,78.20,-3.9455
392,78.40,-4.3688
393,78.60,-4.1143
394,78.80,-4.4208
395,79.00,-3.4701
396,79.20,-4.5325
397,79.40,-4.0104
398,79.60,-3.8519
399,79.80,-3.9247
400,80.00,-4.0961
401,80.20,-3.9195
402,80.40,-3.9455
403,80.60,-3.9351
404,80.80,-3.9896
405,81.00,-3.5065
406,81.20,-4.0987
407,81.40,-3.2935
408,81.60,-3.4831
409,81.80,-3.5636
410,82.00,-3.8779
411,82.20,-3.5039
412,82.40,-3.7792
413,82.60,-3.9273
414,82.80,-3.3506
415,83.00,-3.6286
416,83.20,-3.5870
417,83.40,-3.3403
418,83.60,-3.1948
419,83.80,-3.3766
420,84.00,-3.1221
421,84.20,-3.5844
422,84.40,-3.6234
423,84.60,-3.6000
424,84.80,-3.3662
425,85.00,-3.2545
426,85.20,-3.7584
427,85.40,-3.1506
428,85.60,-3.0442
429,85.80,-3.2416
430,86.00,-2.7818
431,86.20,-3.7195
432,86.40,-2.8623
433,86.60,-4.0234
434,86.80,-3.5688
435,87.00,-2.8935
436,87.20,-3.9974
437,87.40,-2.9558
438,87.60,-3.6623
439,87.80,-3.1117
440,88.00,-3.4442
441,88.20,-3.6961
442,88.40,-3.2104
443,88.60,-2.3013
444,88.80,-3.7039
445,89.00,-3.0675
446,89.20,-2.5584
447,89.40,-3.2052
448,89.60,-2.9429
449,89.80,-3.3403
450,90.00,-2.8961
451,90.20,-3.0052
452,90.40,-3.1636
453,90.60,-2.3273
454,90.80,-3.4208
455,91.00,-2.6571
456,91.20,-3.3584
457,91.40,-2.7844
458,91.60,-3.0909
459,91.80,-2.8545
460,92.00,-2.8857
461,92.20,-2.8208
462,92.40,-2.8312
463,92.60,-3.1740
464,92.80,-2.5091
465,93.00,-3.1870
466,93.20,-3.0052
467,93.40,-2.2961
468,93.60,-2.8987
469,93.80,-2.2052
470,94.00,-2.9610
471,94.20,-2.3792
472,94.40,-2.7065
473,94.60,-2.2260
474,94.80,-2.6182
475,95.00,-2.0364
476,95.20,-2.4753
477,95.40,-2.8260
478,95.60,-2.2156
479,95.80,-2.8052
480,96.00,-2.0026
481,96.20,-2.6701
482,96.40,-2.2026
483,96.60,-2.7091
484,96.80,-2.1870
485,97.00,-2.1792
486,97.20,-2.5610
487,97.40,-1.9974
488,97.60,-2.6312
489,97.80,-1.9013
490,98.00,-2.5169
491,98.20,-2.2597
492,98.40,-2.8416
493,98.60,-2.7740
494,98.80,-2.1948
495,99.00,-3.0468
496,99.20,-1.6545
497,99.40,-3.2364
498,99.60,-2.3922
499,99.80,-1.7974
500,100.00,-3.0390
501,100.20,-2.0935
502,100.40,-2.4130
503,100.60,-2.3896
504,100.80,-2.5325
505,101.00,-2.3299
506,101.20,-2.8675
507,101.40,-1.7740
508,101.60,-2.8390
509,101.80,-2.4883
510,102.00,-2.3662
511,102.20,-3.4286
512,102.40,-2.2156
513,102.60,-3.0831
514,102.80,-2.1870
515,103.00,-2.5273
516,103.20,-2.6831
517,103.40,-1.9403
518,103.60,-3.0571
519,103.80,-2.3558
520,104.00,-3.0104
521,104.20,-3.2338
522,104.40,-2.2701
523,104.60,-1.8416
524,104.80,-2.5325
525,105.00,-2.3195
526,105.20,-2.5948
527,105.40,-3.0234
528,105.60,-2.3714
529,105.80,-2.8182
530,106.00,-2.0649
