#7mm step:4 rot:500
count,distance,weight
0,0.00,-0.8026
1,0.20,-1.9974
2,0.40,-2.5143
3,0.60,-4.1143
4,0.80,-3.8545
5,1.00,-5.6805
6,1.20,-6.4623
7,1.40,-7.0753
8,1.60,-8.0494
9,1.80,-7.6727
10,2.00,-9.8727
11,2.20,-9.5117
12,2.40,-11.0052
13,2.60,-11.1039
14,2.80,-11.9351
15,3.00,-12.9584
16,3.20,-12.5818
17,3.40,-13.5584
18,3.60,-14.4182
19,3.80,-14.6753
20,4.00,-15.9481
21,4.20,-16.4416
22,4.40,-18.4182
23,4.60,-18.0208
24,4.80,-19.8961
25,5.00,-20.8416
26,5.20,-21.3740
27,5.40,-21.4312
28,5.60,-23.4701
29,5.80,-24.7091
30,6.00,-25.3039
31,6.20,-26.7506
32,6.40,-27.3974
33,6.60,-29.0571
34,6.80,-29.7662
35,7.00,-31.7377
36,7.20,-32.2026
37,7.40,-33.7481
38,7.60,-35.2338
39,7.80,-35.3221
40,8.00,-37.8623
41,8.20,-38.0935
42,8.40,-39.6571
43,8.60,-40.7195
44,8.80,-42.2727
45,9.00,-42.9143
46,9.20,-44.6727
47,9.40,-45.8312
48,9.60,-46.5870
49,9.80,-48.8052
50,10.00,-49.1948
51,10.20,-50.4961
52,10.40,-50.8571
53,10.60,-52.5844
54,10.80,-53.9377
55,11.00,-54.0831
56,11.20,-55.9013
57,11.40,-56.0857
58,11.60,-57.2234
59,11.80,-57.5974
60,12.00,-58.7143
61,12.20,-60.5117
62,12.40,-60.0831
63,12.60,-60.7792
64,12.80,-61.4961
65,13.00,-62.4883
66,13.20,-62.8442
67,13.40,-63.7870
68,13.60,-63.2130
69,13.80,-64.3091
70,14.00,-64.7896
71,14.20,-64.8468
72,14.40,-66.2831
73,14.60,-65.2468
74,14.80,-66.2208
75,15.00,-66.2208
76,15.20,-66.2675
77,15.40,-66.1844
78,15.60,-66.2519
79,15.80,-66.5091
80,16.00,-66.2909
81,16.20,-66.8000
82,16.40,-65.9662
83,16.60,-66.0883
84,16.80,-65.7091
85,17.00,-66.1039
86,17.20,-65.5169
87,17.40,-65.4935
88,17.60,-65.3195
89,17.80,-64.4909
90,18.00,-64.6442
91,18.20,-63.9091
92,18.40,-63.9039
93,18.60,-63.0701
94,18.80,-62.8571
95,19.00,-62.6987
96,19.20,-62.4078
97,19.40,-61.9922
98,19.60,-60.6857
99,19.80,-60.6883
100,20.00,-59.4753
101,20.20,-59.5013
102,20.40,-59.5506
103,20.60,-58.0234
104,20.80,-58.4364
105,21.00,-57.1532
106,21.20,-56.6078
107,21.40,-56.1039
108,21.60,-54.9740
109,21.80,-54.2701
110,22.00,-54.2416
111,22.20,-52.8390
112,22.40,-52.1429
113,22.60,-51.9610
114,22.80,-51.0182
115,23.00,-50.7610
116,23.20,-49.2935
117,23.40,-49.2026
118,23.60,-47.7844
119,23.80,-46.6493
120,24.00,-47.3195
121,24.20,-46.0312
122,24.40,-45.6831
123,24.60,-44.5065
124,24.80,-43.9247
125,25.00,-43.5325
126,25.20,-42.3714
127,25.40,-42.2831
128,25.60,-41.9792
129,25.80,-41.1117
130,26.00,-40.3636
131,26.20,-40.3584
132,26.40,-39.0701
133,26.60,-38.8727
134,26.80,-38.3558
135,27.00,-37.9325
136,27.20,-37.9818
137,27.40,-37.1922
138,27.60,-37.1429
139,27.80,-36.2026
140,28.00,-35.5896
141,28.20,-35.2390
142,28.40,-34.6104
143,28.60,-34.3169
144,28.80,-33.8286
145,29.00,-33.7221
146,29.20,-32.6338
147,29.40,-32.5922
148,29.60,-32.0961
149,29.80,-31.7325
150,30.00,-30.9481
151,30.20,-30.9610
152,30.40,-30.5558
153,30.60,-29.4727
154,30.80,-29.7377
155,31.00,-29.6883
156,31.20,-29.0545
157,31.40,-28.6597
158,31.60,-28.0260
159,31.80,-27.8805
160,32.00,-27.4493
161,32.20,-27.5273
162,32.40,-26.7429
163,32.60,-27.0779
164,32.80,-25.7688
165,33.00,-26.0442
166,33.20,-25.6130
167,33.40,-24.7532
168,33.60,-25.2104
169,33.80,-24.6649
170,34.00,-24.1455
171,34.20,-24.0727
172,34.40,-23.2000
173,34.60,-23.2416
174,34.80,-23.3013
175,35.00,-22.9351
176,35.20,-22.5065
177,35.40,-22.5792
178,35.60,-21.3013
179,35.80,-22.0234
180,36.00,-20.6935
181,36.20,-21.3896
182,36.40,-20.8104
183,36.60,-19.7870
184,36.80,-20.5299
185,37.00,-19.4961
186,37.20,-19.8831
187,37.40,-19.4052
188,37.60,-19.1117
189,37.80,-19.4312
190,38.00,-18.6286
191,38.20,-18.9481
192,38.40,-18.4779
193,38.60,-18.1636
194,38.80,-17.6468
195,39.00,-18.2857
196,39.20,-17.3792
197,39.40,-17.2182
198,39.60,-17.0390
199,39.80,-16.3506
200,40.00,-17.3818
201,40.20,-16.0727
202,40.40,-16.6338
203,40.60,-15.7584
204,40.80,-15.6909
205,41.00,-15.9039
206,41.20,-15.5143
207,41.40,-15.9636
208,41.60,-16.5818
209,41.80,-18.1481
210,42.00,-16.7636
211,42.20,-15.5662
212,42.40,-14.0987
213,42.60,-14.9299
214,42.80,-14.9351
215,43.00,-14.1429
216,43.20,-14.8909
217,43.40,-14.7403
218,43.60,-14.3065
219,43.80,-13.8260
220,44.00,-13.8805
221,44.20,-13.7221
222,44.40,-13.5481
223,44.60,-14.0831
224,44.80,-13.0727
225,45.00,-13.6597
226,45.20,-12.4805
227,45.40,-13.6390
228,45.60,-12.9766
229,45.80,-12.3974
230,46.00,-13.2831
231,46.20,-11.8753
232,46.40,-13.0961
233,46.60,-11.7403
234,46.80,-12.1896
235,47.00,-11.6857
236,47.20,-12.2494
237,47.40,-11.4130
238,47.60,-11.6805
239,47.80,-11.0805
240,48.00,-10.9299
241,48.20,-11.7091
242,48.40,-10.4312
243,48.60,-10.9974
244,48.80,-10.1688
245,49.00,-11.0883
246,49.20,-11.0468
247,49.40,-9.5065
248,49.60,-10.3870
249,49.80,-9.8701
250,50.00,-10.8026
251,50.20,-9.9610
252,50.40,-10.0312
253,50.60,-10.5299
254,50.80,-9.6364
255,51.00,-9.9766
256,51.20,-9.2156
257,51.40,-10.0675
258,51.60,-8.9351
259,51.80,-9.9039
260,52.00,-8.4078
261,52.20,-9.7143
262,52.40,-9.1013
263,52.60,-8.8494
264,52.80,-9.9558
265,53.00,-8.9481
266,53.20,-9.7896
267,53.40,-8.8026
268,53.60,-8.9896
269,53.80,-8.4312
270,54.00,-9.2519
271,54.20,-8.9844
272,54.40,-8.5039
273,54.60,-9.0390
274,54.80,-8.2753
275,55.00,-9.2390
276,55.20,-9.1740
277,55.40,-8.6649
278,55.60,-8.9013
279,55.80,-8.1143
280,56.00,-8.9792
281,56.20,-8.0260
282,56.40,-8.7481
283,56.60,-7.1714
284,56.80,-7.8779
285,57.00,-7.6727
286,57.20,-7.7325
287,57.40,-7.5948
288,57.60,-7.4234
289,57.80,-7.7455
290,58.00,-7.1818
291,58.20,-8.5013
292,58.40,-6.8338
293,58.60,-7.5922
294,58.80,-7.6104
295,59.00,-6.6416
296,59.20,-8.2571
297,59.40,-6.9351
298,59.60,-7.8494
299,59.80,-7.3662
300,60.00,-7.4805
301,60.20,-6.4156
302,60.40,-7.3766
303,60.60,-7.3247
304,60.80,-6.9688
305,61.00,-7.2701
306,61.20,-6.7558
307,61.40,-6.7714
308,61.60,-5.6468
309,61.80,-7.2571
310,62.00,-6.9818
311,62.20,-5.5455
312,62.40,-6.3325
313,62.60,-5.5065
314,62.80,-6.6494
315,63.00,-5.8935
316,63.20,-6.0390
317,63.40,-6.2805
318,63.60,-5.0961
319,63.80,-6.1247
320,64.00,-5.2130
321,64.20,-5.7558
322,64.40,-4.7922
323,64.60,-6.0338
324,64.80,-4.2078
325,65.00,-5.6208
326,65.20,-4.9506
327,65.40,-4.5143
328,65.60,-5.7455
329,65.80,-4.7506
330,66.00,-4.9351
331,66.20,-4.6987
332,66.40,-4.9143
333,66.60,-4.4935
334,66.80,-4.6078
335,67.00,-4.5039
336,67.20,-4.2545
337,67.40,-4.9610
338,67.60,-4.1844
339,67.80,-4.7584
340,68.00,-4.1429
341,68.20,-4.7429
342,68.40,-4.8130
343,68.60,-4.4416
344,68.80,-4.9273
345,69.00,-4.3039
346,69.20,-4.9610
347,69.40,-3.9273
348,69.60,-4.0805
349,69.80,-4.6831
350,70.00,-4.4961
351,70.20,-4.5948
352,70.40,-4.0208
353,70.60,-4.6156
354,70.80,-3.7325
355,71.00,-4.2675
356,71.20,-4.2312
357,71.40,-4.1299
358,71.60,-4.7039
359,71.80,-4.2468
360,72.00,-4.4519
361,72.20,-4.4675
362,72.40,-4.4390
363,72.60,-4.0052
364,72.80,-3.9273
365,73.00,-3.9506
366,73.20,-4.1688
367,73.40,-4.1273
368,73.60,-4.1532
369,73.80,-4.4182
370,74.00,-2.9117
371,74.20,-4.3870
372,74.40,-3.4961
373,74.60,-3.5117
374,74.80,-4.2000
375,75.00,-3.3714
376,75.20,-4.6987
377,75.40,-3.5636
378,75.60,-3.7948
379,75.80,-3.2260
380,76.00,-3.6649
381,76.20,-4.1481
382,76.40,-3.6519
383,76.60,-3.5013
384,76.80,-3.4104
385,77.00,-3.6234
386,77.20,-3.4156
387,77.40,-4.0468
388,77.60,-3.7714
389,77.80,-3.7039
390,78.00,-4.1792
391,78.20,-3.9455
392,78.40,-4.4961
393,78.60,-3.2779
394,78.80,-4.1481
395,79.00,-3.5481
396,79.20,-4.4052
397,79.40,-3.9221
398,79.60,-4.1766
399,79.80,-4.2961
400,80.00,-3.6753
401,80.20,-3.9558
402,80.40,-3.3662
403,80.60,-3.7455
404,80.80,-3.4182
405,81.00,-3.0597
406,81.20,-3.6078
407,81.40,-3.0390
408,81.60,-3.4545
409,81.80,-3.0727
410,82.00,-3.7688
411,82.20,-3.1169
412,82.40,-3.8104
413,82.60,-3.4753
414,82.80,-3.4390
415,83.00,-3.3974
416,83.20,-2.8883
417,83.40,-3.4727
418,83.60,-2.3299
419,83.80,-3.7584
420,84.00,-2.4857
421,84.20,-2.4909
422,84.40,-3.2857
423,84.60,-2.6312
424,84.80,-3.4519
425,85.00,-3.4779
426,85.20,-2.7558
427,85.40,-3.8130
428,85.60,-2.7403
429,85.80,-2.8909
430,86.00,-2.9636
431,86.20,-2.3558
432,86.40,-2.5065
433,86.60,-3.0286
434,86.80,-2.2260
435,87.00,-3.2987
436,87.20,-1.8026
437,87.40,-2.3844
438,87.60,-2.9688
439,87.80,-2.2260
440,88.00,-2.9273
441,88.20,-1.9429
442,88.40,-2.6779
443,88.60,-2.4468
444,88.80,-2.3481
445,89.00,-2.9506
446,89.20,-2.4805
447,89.40,-2.6468
448,89.60,-2.3221
449,89.80,-2.5117
450,90.00,-1.8727
451,90.20,-2.5740
452,90.40,-2.1013
453,90.60,-2.2727
454,90.80,-1.9558
455,91.00,-1.9091
456,91.20,-2.3247
457,91.40,-1.6727
458,91.60,-1.8519
459,91.80,-1.7299
460,92.00,-1.9169
461,92.20,-1.6468
462,92.40,-1.3792
463,92.60,-2.5247
464,92.80,-1.7532
465,93.00,-2.5117
466,93.20,-1.2286
467,93.40,-2.2390
468,93.60,-2.1429
469,93.80,-1.8312
470,94.00,-2.0961
471,94.20,-1.6883
472,94.40,-2.4675
473,94.60,-1.7273
474,94.80,-2.4338
475,95.00,-1.7065
476,95.20,-1.6286
477,95.40,-1.5948
478,95.60,-2.0883
479,95.80,-2.1662
480,96.00,-1.6468
481,96.20,-2.0312
482,96.40,-1.7558
483,96.60,-2.4104
484,96.80,-1.7922
485,97.00,-1.3429
486,97.20,-2.1403
487,97.40,-1.4779
488,97.60,-2.3610
489,97.80,-1.5455
490,98.00,-1.9221
491,98.20,-1.6026
492,98.40,-1.4104
493,98.60,-1.1714
494,98.80,-1.8883
495,99.00,-1.8805
496,99.20,-1.3974
497,99.40,-2.0779
498,99.60,-1.0909
499,99.80,-1.7662
500,100.00,-1.1844
501,100.20,-1.2364
502,100.40,-2.4571
503,100.60,-1.5273
504,100.80,-2.4519
505,101.00,-1.2727
506,101.20,-1.6494
507,101.40,-1.8805
508,101.60,-1.6701
509,101.80,-2.1974
510,102.00,-1.9195
511,102.20,-2.1636
512,102.40,-1.7299
513,102.60,-2.2883
514,102.80,-1.5403
515,103.00,-2.4883
516,103.20,-1.7039
517,103.40,-1.5403
518,103.60,-2.2649
519,103.80,-2.0519
520,104.00,-2.3662
521,104.20,-1.6312
522,104.40,-2.4260
523,104.60,-1.7065
524,104.80,-1.8675
525,105.00,-2.2416
