#8mm step:4 rot:500
count,distance,weight
0,0.00,-0.3818
1,0.20,-1.7558
2,0.40,-1.7039
3,0.60,-2.8052
4,0.80,-4.0961
5,1.00,-4.2805
6,1.20,-5.1532
7,1.40,-6.4416
8,1.60,-7.0312
9,1.80,-7.7714
10,2.00,-9.4156
11,2.20,-10.0545
12,2.40,-11.8909
13,2.60,-12.1195
14,2.80,-13.4545
15,3.00,-14.7922
16,3.20,-14.6701
17,3.40,-17.1299
18,3.60,-17.4987
19,3.80,-18.6597
20,4.00,-19.9688
21,4.20,-20.8701
22,4.40,-22.6935
23,4.60,-23.5377
24,4.80,-24.4493
25,5.00,-25.4026
26,5.20,-26.9013
27,5.40,-27.8961
28,5.60,-29.8545
29,5.80,-29.7870
30,6.00,-31.7558
31,6.20,-32.8935
32,6.40,-33.8649
33,6.60,-35.9169
34,6.80,-35.7766
35,7.00,-37.4935
36,7.20,-38.2234
37,7.40,-39.5325
38,7.60,-40.4623
39,7.80,-41.3870
40,8.00,-43.1584
41,8.20,-43.2779
42,8.40,-44.7818
43,8.60,-45.3403
44,8.80,-46.3714
45,9.00,-47.5143
46,9.20,-47.7714
47,9.40,-49.0026
48,9.60,-49.2286
49,9.80,-50.3351
50,10.00,-50.8545
51,10.20,-51.4571
52,10.40,-52.0519
53,10.60,-52.0182
54,10.80,-52.7896
55,11.00,-54.1740
56,11.20,-54.3169
57,11.40,-54.5481
58,11.60,-55.4312
59,11.80,-55.0805
60,12.00,-55.9143
61,12.20,-56.0416
62,12.40,-55.8857
63,12.60,-56.6831
64,12.80,-56.3922
65,13.00,-56.9481
66,13.20,-56.3974
67,13.40,-56.5481
68,13.60,-56.8234
69,13.80,-56.6545
70,14.00,-56.5870
71,14.20,-56.7481
72,14.40,-56.3818
73,14.60,-56.3584
74,14.80,-56.6468
75,15.00,-55.8961
76,15.20,-55.9558
77,15.40,-55.9584
78,15.60,-55.6078
79,15.80,-55.5896
80,16.00,-54.6519
81,16.20,-55.2442
82,16.40,-54.2571
83,16.60,-54.1714
84,16.80,-53.7584
85,17.00,-53.4649
86,17.20,-53.3169
87,17.40,-52.3844
88,17.60,-52.2026
89,17.80,-51.5662
90,18.00,-50.8260
91,18.20,-50.5636
92,18.40,-50.3117
93,18.60,-49.3091
94,18.80,-49.0494
95,19.00,-48.8857
96,19.20,-47.7766
97,19.40,-47.7247
98,19.60,-46.4078
99,19.80,-46.2312
100,20.00,-45.8052
101,20.20,-45.1039
102,20.40,-44.1221
103,20.60,-43.6857
104,20.80,-43.9195
105,21.00,-42.7662
106,21.20,-42.5143
107,21.40,-41.9169
108,21.60,-42.0675
109,21.80,-41.3688
110,22.00,-40.1766
111,22.20,-40.3896
112,22.40,-39.2909
113,22.60,-39.4753
114,22.80,-38.4104
115,23.00,-38.5636
116,23.20,-37.8286
117,23.40,-37.2416
118,23.60,-36.7766
119,23.80,-36.4545
120,24.00,-35.7143
121,24.20,-35.3065
122,24.40,-35.8208
123,24.60,-34.6675
124,24.80,-35.0883
125,25.00,-34.0338
126,25.20,-33.5688
127,25.40,-33.9039
128,25.60,-32.8130
129,25.80,-33.3688
130,26.00,-32.4078
131,26.20,-31.5636
132,26.40,-31.6494
133,26.60,-31.1896
134,26.80,-30.8078
135,27.00,-30.4078
136,27.20,-30.2753
137,27.40,-30.4078
138,27.60,-29.6442
139,27.80,-28.6753
140,28.00,-29.1740
141,28.20,-28.3273
142,28.40,-28.3351
143,28.60,-28.4130
144,28.80,-27.3714
145,29.00,-27.7740
146,29.20,-26.6442
147,29.40,-26.4597
148,29.60,-26.1844
149,29.80,-25.9766
150,30.00,-26.2831
151,30.20,-25.9273
152,30.40,-25.4779
153,30.60,-25.0260
154,30.80,-24.7455
155,31.00,-24.2545
156,31.20,-24.3558
157,31.40,-23.7403
158,31.60,-23.8442
159,31.80,-23.1896
160,32.00,-22.6234
161,32.20,-23.0987
162,32.40,-22.2156
163,32.60,-22.7325
164,32.80,-22.1506
165,33.00,-21.8416
166,33.20,-22.1013
167,33.40,-21.0078
168,33.60,-21.4883
169,33.80,-21.3169
170,34.00,-21.1299
171,34.20,-20.9714
172,34.40,-20.0442
173,34.60,-20.2727
174,34.80,-19.6675
175,35.00,-20.6104
176,35.20,-19.3299
177,35.40,-19.6675
178,35.60,-18.4493
179,35.80,-19.0727
180,36.00,-18.8909
181,36.20,-18.7403
182,36.40,-18.5091
183,36.60,-17.8234
184,36.80,-18.2779
185,37.00,-17.6260
186,37.20,-18.1273
187,37.40,-17.0468
188,37.60,-17.4883
189,37.80,-16.7974
190,38.00,-17.0390
191,38.20,-17.7532
192,38.40,-17.6961
193,38.60,-19.1688
194,38.80,-17.5195
195,39.00,-16.7143
196,39.20,-16.3818
197,39.40,-15.9714
198,39.60,-16.4130
199,39.80,-16.2390
200,40.00,-16.3351
201,40.20,-15.6753
202,40.40,-15.8442
203,40.60,-15.3584
204,40.80,-15.4935
205,41.00,-14.9143
206,41.20,-15.0156
207,41.40,-15.9584
208,41.60,-14.3610
209,41.80,-15.0208
210,42.00,-13.8571
211,42.20,-15.2935
212,42.40,-14.5896
213,42.60,-14.1506
214,42.80,-14.1974
215,43.00,-13.8805
216,43.20,-14.7325
217,43.40,-13.9273
218,43.60,-13.7662
219,43.80,-12.9351
220,44.00,-13.8104
221,44.20,-12.8234
222,44.40,-13.1377
223,44.60,-13.4987
224,44.80,-12.8494
225,45.00,-13.7013
226,45.20,-12.8416
227,45.40,-12.7610
228,45.60,-11.9195
229,45.80,-12.1974
230,46.00,-12.6831
231,46.20,-11.7117
232,46.40,-12.7273
233,46.60,-11.9299
234,46.80,-12.1688
235,47.00,-12.0597
236,47.20,-11.6000
237,47.40,-11.9506
238,47.60,-11.4286
239,47.80,-12.4519
240,48.00,-11.1273
241,48.20,-11.6000
242,48.40,-10.5429
243,48.60,-11.5351
244,48.80,-10.8597
245,49.00,-11.2390
246,49.20,-11.4857
247,49.40,-10.8338
248,49.60,-11.3662
249,49.80,-11.4857
250,50.00,-11.2805
251,50.20,-10.3558
252,50.40,-11.6390
253,50.60,-10.4753
254,50.80,-11.1662
255,51.00,-11.9766
256,51.20,-10.7247
257,51.40,-12.1714
258,51.60,-10.3325
259,51.80,-11.1766
260,52.00,-10.6519
261,52.20,-10.3662
262,52.40,-11.0442
263,52.60,-11.0364
264,52.80,-10.7558
265,53.00,-10.4052
266,53.20,-11.4468
267,53.40,-9.8182
268,53.60,-10.8649
269,53.80,-10.0468
270,54.00,-10.3818
271,54.20,-10.8753
272,54.40,-9.5065
273,54.60,-10.9896
274,54.80,-9.5740
275,55.00,-10.9506
276,55.20,-9.7688
277,55.40,-9.9169
278,55.60,-10.4234
279,55.80,-9.8753
280,56.00,-10.0286
281,56.20,-9.5532
282,56.40,-10.2987
283,56.60,-9.3766
284,56.80,-10.3532
285,57.00,-8.7013
286,57.20,-9.7792
287,57.40,-9.9429
288,57.60,-9.2545
289,57.80,-10.1247
290,58.00,-8.8623
291,58.20,-9.4416
292,58.40,-9.4468
293,58.60,-8.6026
294,58.80,-9.3870
295,59.00,-8.8779
296,59.20,-9.5273
297,59.40,-8.8416
298,59.60,-9.1844
299,59.80,-7.9195
300,60.00,-8.7636
301,60.20,-8.8727
302,60.40,-8.0805
303,60.60,-8.7299
304,60.80,-8.0208
305,61.00,-8.5818
306,61.20,-7.3584
307,61.40,-8.6312
308,61.60,-7.8364
309,61.80,-7.7143
310,62.00,-7.3325
311,62.20,-7.4649
312,62.40,-8.2727
313,62.60,-7.4416
314,62.80,-7.8753
315,63.00,-7.4156
316,63.20,-7.6286
317,63.40,-6.5896
318,63.60,-7.4883
319,63.80,-8.0364
320,64.00,-6.4649
321,64.20,-7.0156
322,64.40,-7.3195
323,64.60,-7.3844
324,64.80,-7.1299
325,65.00,-7.1325
326,65.20,-7.4857
327,65.40,-6.8753
328,65.60,-6.7325
329,65.80,-7.3065
330,66.00,-7.0416
331,66.20,-6.3948
332,66.40,-7.5117
333,66.60,-6.8727
334,66.80,-7.1636
335,67.00,-7.9143
336,67.20,-6.4390
337,67.40,-7.2286
338,67.60,-5.9922
339,67.80,-7.3974
340,68.00,-7.2649
341,68.20,-6.8130
342,68.40,-7.4026
343,68.60,-6.4000
344,68.80,-7.1792
345,69.00,-6.7558
346,69.20,-6.8104
347,69.40,-7.7039
348,69.60,-7.4727
349,69.80,-6.8961
350,70.00,-7.2961
351,70.20,-6.7377
352,70.40,-6.0909
353,70.60,-7.0260
354,70.80,-7.1377
355,71.00,-6.4312
356,71.20,-6.5558
357,71.40,-6.2909
358,71.60,-7.1039
359,71.80,-6.3896
360,72.00,-7.0831
361,72.20,-6.0545
362,72.40,-6.9273
363,72.60,-6.6779
364,72.80,-6.8779
365,73.00,-6.9481
366,73.20,-6.3974
367,73.40,-7.0078
368,73.60,-6.2987
369,73.80,-7.4753
370,74.00,-5.8779
371,74.20,-6.7091
372,74.40,-6.2000
373,74.60,-6.1844
374,74.80,-6.7039
375,75.00,-6.3377
376,75.20,-7.0000
377,75.40,-6.4597
378,75.60,-6.8364
379,75.80,-6.0805
380,76.00,-7.6052
381,76.20,-6.7455
382,76.40,-6.8052
383,76.60,-7.9818
384,76.80,-5.6494
385,77.00,-7.1247
386,77.20,-5.7974
387,77.40,-6.3481
388,77.60,-5.8987
389,77.80,-5.8052
390,78.00,-6.3273
391,78.20,-5.7766
392,78.40,-5.9221
393,78.60,-6.2701
394,78.80,-6.4468
395,79.00,-5.6779
396,79.20,-6.3870
397,79.40,-5.9429
398,79.60,-6.2701
399,79.80,-6.5247
400,80.00,-5.1740
401,80.20,-6.0753
402,80.40,-5.3247
403,80.60,-6.2623
404,80.80,-5.4156
405,81.00,-5.4338
406,81.20,-5.9403
407,81.40,-5.3351
408,81.60,-6.0883
409,81.80,-5.5247
410,82.00,-5.7818
411,82.20,-5.3740
412,82.40,-6.1558
413,82.60,-4.8909
414,82.80,-5.8156
415,83.00,-5.5636
416,83.20,-5.1065
417,83.40,-5.8468
418,83.60,-4.5273
419,83.80,-5.6312
420,84.00,-4.8026
421,84.20,-5.1299
422,84.40,-5.4675
423,84.60,-4.6987
424,84.80,-5.1870
425,85.00,-5.2364
426,85.20,-5.4286
427,85.40,-4.6571
428,85.60,-5.3922
429,85.80,-5.6390
430,86.00,-4.7714
431,86.20,-5.3195
432,86.40,-4.6234
433,86.60,-5.4935
434,86.80,-4.6312
435,87.00,-4.7688
436,87.20,-4.5844
437,87.40,-5.0649
438,87.60,-4.5922
439,87.80,-4.8286
440,88.00,-5.2338
441,88.20,-4.7558
442,88.40,-4.8286
443,88.60,-4.7013
444,88.80,-5.1377
445,89.00,-4.4961
446,89.20,-4.3948
447,89.40,-5.1896
448,89.60,-4.6597
449,89.80,-5.3740
450,90.00,-4.3532
451,90.20,-5.0156
452,90.40,-4.8078
453,90.60,-4.5273
454,90.80,-4.7714
455,91.00,-4.3506
456,91.20,-4.3429
457,91.40,-4.5506
458,91.60,-4.8909
459,91.80,-4.8312
460,92.00,-5.0701
461,92.20,-4.2104
462,92.40,-4.6831
463,92.60,-4.9558
464,92.80,-3.8468
465,93.00,-4.9039
466,93.20,-4.5169
467,93.40,-5.2182
468,93.60,-4.5143
469,93.80,-3.9091
470,94.00,-4.8182
471,94.20,-4.4390
472,94.40,-4.6961
473,94.60,-4.5610
474,94.80,-4.5247
475,95.00,-4.3299
476,95.20,-4.8935
477,95.40,-3.8909
478,95.60,-4.9610
479,95.80,-4.9818
480,96.00,-4.2364
481,96.20,-5.1922
482,96.40,-3.8831
483,96.60,-4.9818
484,96.80,-4.1974
485,97.00,-4.4883
486,97.20,-4.9299
487,97.40,-4.1714
488,97.60,-4.8909
489,97.80,-4.9922
490,98.00,-5.0468
491,98.20,-3.7662
492,98.40,-4.3662
493,98.60,-4.8468
494,98.80,-4.6468
495,99.00,-4.6390
496,99.20,-4.5039
497,99.40,-5.0156
498,99.60,-4.8831
499,99.80,-5.1714
500,100.00,-4.4442
501,100.20,-4.7429
502,100.40,-4.9506
503,100.60,-4.5636
504,100.80,-5.0675
505,101.00,-5.3818
506,101.20,-5.0416
507,101.40,-4.5169
508,101.60,-4.7896
509,101.80,-4.3844
510,102.00,-4.8545
511,102.20,-5.5636
512,102.40,-5.0935
513,102.60,-5.3974
514,102.80,-4.6883
515,103.00,-5.5662
516,103.20,-5.7325
517,103.40,-5.0597
518,103.60,-5.1896
519,103.80,-5.1948
520,104.00,-5.4260
521,104.20,-5.0545
522,104.40,-5.5558
523,104.60,-4.8857
524,104.80,-5.7403
525,105.00,-4.6883
526,105.20,-5.0623
527,105.40,-5.5766
528,105.60,-4.6831
529,105.80,-6.1299
530,106.00,-4.7948
531,106.20,-5.2052
532,106.40,-5.2649
533,106.60,-4.5818
534,106.80,-5.9688
535,107.00,-4.6052
536,107.20,-5.3922
537,107.40,-5.6675
538,107.60,-4.9662
539,107.80,-4.4961
540,108.00,-5.1948
541,108.20,-4.2130
542,108.40,-4.7584
543,108.60,-5.0104
544,108.80,-4.7714
545,109.00,-5.7714
546,109.20,-4.0727
547,109.40,-4.8935
548,109.60,-4.2026
549,109.80,-4.9325
550,110.00,-5.2468
551,110.20,-4.3506
