#9mm step:4 rot:500
count,distance,weight
0,0.00,-0.8312
1,0.20,-1.4987
2,0.40,-2.0701
3,0.60,-2.8182
4,0.80,-3.8364
5,1.00,-3.3429
6,1.20,-4.5091
7,1.40,-3.6390
8,1.60,-4.5506
9,1.80,-4.5195
10,2.00,-4.8701
11,2.20,-6.2156
12,2.40,-5.8156
13,2.60,-6.9818
14,2.80,-7.0987
15,3.00,-7.7403
16,3.20,-8.6909
17,3.40,-8.8935
18,3.60,-9.4571
19,3.80,-10.3688
20,4.00,-10.9844
21,4.20,-11.3870
22,4.40,-12.5169
23,4.60,-12.0156
24,4.80,-13.9506
25,5.00,-14.1065
26,5.20,-14.9714
27,5.40,-15.9429
28,5.60,-15.5636
29,5.80,-16.9273
30,6.00,-16.7506
31,6.20,-17.2338
32,6.40,-18.1273
33,6.60,-18.8104
34,6.80,-20.0364
35,7.00,-19.8390
36,7.20,-20.4130
37,7.40,-21.2338
38,7.60,-22.2104
39,7.80,-22.0961
40,8.00,-22.8883
41,8.20,-23.2701
42,8.40,-23.6753
43,8.60,-24.6442
44,8.80,-24.7610
45,9.00,-25.8234
46,9.20,-25.8961
47,9.40,-27.2286
48,9.60,-28.0338
49,9.80,-28.8416
50,10.00,-29.3740
51,10.20,-29.5636
52,10.40,-30.9974
53,10.60,-30.7792
54,10.80,-32.2675
55,11.00,-32.4831
56,11.20,-32.8883
57,11.40,-34.0961
58,11.60,-33.9558
59,11.80,-35.1117
60,12.00,-35.1766
61,12.20,-36.0571
62,12.40,-36.3636
63,12.60,-37.1662
64,12.80,-37.0675
65,13.00,-37.5247
66,13.20,-37.9247
67,13.40,-38.5766
68,13.60,-38.9584
69,13.80,-38.9922
70,14.00,-39.5377
71,14.20,-38.8286
72,14.40,-40.0779
73,14.60,-40.2857
74,14.80,-40.0052
75,15.00,-40.7532
76,15.20,-40.0494
77,15.40,-40.8052
78,15.60,-40.7792
79,15.80,-40.6000
80,16.00,-40.6182
81,16.20,-40.8234
82,16.40,-41.0312
83,16.60,-40.7169
84,16.80,-41.0338
85,17.00,-40.6156
86,17.20,-40.8597
87,17.40,-40.3870
88,17.60,-40.8052
89,17.80,-40.5688
90,18.00,-40.2857
91,18.20,-40.5221
92,18.40,-39.8883
93,18.60,-40.4416
94,18.80,-39.5403
95,19.00,-39.6260
96,19.20,-39.3948
97,19.40,-39.1584
98,19.60,-39.2182
99,19.80,-38.7740
100,20.00,-38.5299
101,20.20,-37.9195
102,20.40,-37.8416
103,20.60,-37.5169
104,20.80,-37.1455
105,21.00,-36.6623
106,21.20,-36.6312
107,21.40,-36.7974
108,21.60,-35.9714
109,21.80,-35.3247
110,22.00,-34.6312
111,22.20,-34.7455
112,22.40,-34.6130
113,22.60,-34.1740
114,22.80,-32.9766
115,23.00,-32.8416
116,23.20,-33.4338
117,23.40,-32.6390
118,23.60,-32.7948
119,23.80,-32.1065
120,24.00,-31.7792
121,24.20,-31.4104
122,24.40,-30.2623
123,24.60,-30.9792
124,24.80,-30.4026
125,25.00,-30.3455
126,25.20,-29.8364
127,25.40,-29.4312
128,25.60,-28.5974
129,25.80,-28.9429
130,26.00,-28.1506
131,26.20,-28.0935
132,26.40,-27.9299
133,26.60,-26.9325
134,26.80,-28.0442
135,27.00,-26.3221
136,27.20,-26.3974
137,27.40,-26.3922
138,27.60,-25.6208
139,27.80,-26.3481
140,28.00,-25.2597
141,28.20,-25.8597
142,28.40,-25.6104
143,28.60,-24.8234
144,28.80,-24.1688
145,29.00,-24.1974
146,29.20,-24.1091
147,29.40,-24.1740
148,29.60,-23.8883
149,29.80,-23.1195
150,30.00,-23.1974
151,30.20,-22.2468
152,30.40,-22.7377
153,30.60,-22.3688
154,30.80,-21.7948
155,31.00,-22.0208
156,31.20,-21.2130
157,31.40,-21.2442
158,31.60,-20.7740
159,31.80,-20.9714
160,32.00,-20.7065
161,32.20,-20.7247
162,32.40,-20.5584
163,32.60,-19.9584
164,32.80,-20.2857
165,33.00,-19.9688
166,33.20,-19.5740
167,33.40,-19.0883
168,33.60,-19.2104
169,33.80,-18.5039
170,34.00,-18.3766
171,34.20,-18.9792
172,34.40,-18.1844
173,34.60,-18.1948
174,34.80,-17.6753
175,35.00,-17.8519
176,35.20,-17.0390
177,35.40,-17.2390
178,35.60,-17.6182
179,35.80,-16.9065
180,36.00,-17.3688
181,36.20,-16.5455
182,36.40,-17.3481
183,36.60,-16.4338
184,36.80,-16.1974
185,37.00,-16.3506
186,37.20,-15.4078
187,37.40,-16.6026
188,37.60,-15.6182
189,37.80,-15.7974
190,38.00,-15.1377
191,38.20,-15.3766
192,38.40,-14.5844
193,38.60,-14.9273
194,38.80,-14.0338
195,39.00,-14.2208
196,39.20,-14.9610
197,39.40,-14.8000
198,39.60,-15.7403
199,39.80,-15.0779
200,40.00,-14.7299
201,40.20,-14.0442
202,40.40,-13.3013
203,40.60,-14.5013
204,40.80,-13.7455
205,41.00,-14.4026
206,41.20,-13.7584
207,41.40,-13.7896
208,41.60,-13.3792
209,41.80,-13.0078
210,42.00,-13.3896
211,42.20,-12.8857
212,42.40,-13.5299
213,42.60,-12.9325
214,42.80,-12.7844
215,43.00,-12.1429
216,43.20,-12.8078
217,43.40,-13.1169
218,43.60,-12.2026
219,43.80,-13.3740
220,44.00,-11.5766
221,44.20,-12.1247
222,44.40,-11.9429
223,44.60,-11.5377
224,44.80,-11.2364
225,45.00,-12.1636
226,45.20,-11.8156
227,45.40,-11.3195
228,45.60,-11.3429
229,45.80,-11.2597
230,46.00,-11.3351
231,46.20,-10.2597
232,46.40,-11.3403
233,46.60,-11.4519
234,46.80,-10.5481
235,47.00,-11.2130
236,47.20,-9.9610
237,47.40,-10.7818
238,47.60,-10.6338
239,47.80,-10.0571
240,48.00,-9.3532
241,48.20,-10.3558
242,48.40,-10.7455
243,48.60,-9.3636
244,48.80,-9.8805
245,49.00,-8.8831
246,49.20,-10.2909
247,49.40,-8.8649
248,49.60,-9.7429
249,49.80,-9.7169
250,50.00,-8.9922
251,50.20,-9.9247
252,50.40,-8.9143
253,50.60,-9.0571
254,50.80,-9.2623
255,51.00,-9.9896
256,51.20,-9.0519
257,51.40,-9.8961
258,51.60,-9.5792
259,51.80,-9.1351
260,52.00,-9.4805
261,52.20,-8.5870
262,52.40,-9.3662
263,52.60,-8.0831
264,52.80,-9.4468
265,53.00,-9.2545
266,53.20,-8.2494
267,53.40,-9.3584
268,53.60,-8.1247
269,53.80,-9.1455
270,54.00,-9.0364
271,54.20,-8.3221
272,54.40,-8.9455
273,54.60,-8.3896
274,54.80,-8.5922
275,55.00,-8.1584
276,55.20,-8.6857
277,55.40,-7.7792
278,55.60,-9.5013
279,55.80,-8.3065
280,56.00,-7.8234
281,56.20,-8.8545
282,56.40,-8.1429
283,56.60,-8.8416
284,56.80,-7.2597
285,57.00,-8.5325
286,57.20,-7.7688
287,57.40,-7.7740
288,57.60,-7.8364
289,57.80,-7.0104
290,58.00,-8.3922
291,58.20,-7.2597
292,58.40,-8.0727
293,58.60,-6.6519
294,58.80,-7.6156
295,59.00,-6.6987
296,59.20,-6.9506
297,59.40,-6.3351
298,59.60,-6.9039
299,59.80,-7.2078
300,60.00,-6.4545
301,60.20,-6.7273
302,60.40,-6.7117
303,60.60,-6.3896
304,60.80,-5.7481
305,61.00,-5.9792
306,61.20,-6.4104
307,61.40,-5.7013
308,61.60,-6.4883
309,61.80,-5.9818
310,62.00,-6.6052
311,62.20,-5.0468
312,62.40,-5.9922
313,62.60,-6.6649
314,62.80,-5.5584
315,63.00,-6.5922
316,63.20,-5.6000
317,63.40,-6.3455
318,63.60,-6.0519
319,63.80,-6.2442
320,64.00,-5.9792
321,64.20,-6.0623
322,64.40,-5.7273
323,64.60,-5.9844
324,64.80,-6.0701
325,65.00,-5.2727
326,65.20,-6.4675
327,65.40,-5.2390
328,65.60,-6.0519
329,65.80,-5.6078
330,66.00,-5.5143
331,66.20,-5.4935
332,66.40,-5.4156
333,66.60,-6.1221
334,66.80,-6.2961
335,67.00,-5.6260
336,67.20,-5.2831
337,67.40,-5.8649
338,67.60,-5.7740
339,67.80,-5.6623
340,68.00,-6.2779
341,68.20,-5.0494
342,68.40,-6.2442
343,68.60,-5.1948
344,68.80,-6.0078
345,69.00,-6.0727
346,69.20,-5.4104
347,69.40,-6.3558
348,69.60,-5.3740
349,69.80,-5.8182
350,70.00,-5.0961
351,70.20,-5.6390
352,70.40,-4.7091
353,70.60,-5.2805
354,70.80,-5.4779
355,71.00,-4.6052
356,71.20,-5.0623
357,71.40,-4.8831
358,71.60,-5.3558
359,71.80,-5.5195
360,72.00,-5.0286
361,72.20,-5.0442
362,72.40,-4.3948
363,72.60,-4.6597
364,72.80,-4.8961
365,73.00,-4.6364
366,73.20,-4.3143
367,73.40,-5.2338
368,73.60,-4.7870
369,73.80,-5.1351
370,74.00,-4.9143
371,74.20,-4.7403
372,74.40,-5.0260
373,74.60,-4.2390
374,74.80,-5.5117
375,75.00,-4.4104
376,75.20,-5.2935
377,75.40,-5.4779
378,75.60,-4.8519
379,75.80,-5.5247
380,76.00,-3.9143
381,76.20,-4.8494
382,76.40,-4.4519
383,76.60,-4.1039
384,76.80,-4.2909
385,77.00,-4.6442
386,77.20,-4.3221
387,77.40,-4.4026
388,77.60,-4.6234
389,77.80,-3.6831
390,78.00,-5.0234
391,78.20,-3.7013
392,78.40,-4.5273
393,78.60,-3.8390
394,78.80,-3.8623
395,79.00,-4.8675
396,79.20,-4.0883
397,79.40,-4.6364
398,79.60,-3.7558
399,79.80,-4.1195
400,80.00,-3.7169
401,80.20,-4.5195
402,80.40,-3.9662
403,80.60,-4.0545
404,80.80,-4.2078
405,81.00,-3.3013
406,81.20,-3.8545
407,81.40,-4.0364
408,81.60,-3.9688
409,81.80,-4.0857
410,82.00,-3.6623
411,82.20,-4.2935
412,82.40,-3.4260
413,82.60,-4.1429
414,82.80,-3.7896
415,83.00,-4.1351
416,83.20,-3.5091
417,83.40,-3.9117
418,83.60,-4.2130
419,83.80,-3.6857
420,84.00,-3.5818
421,84.20,-3.6623
422,84.40,-3.9429
423,84.60,-3.8442
424,84.80,-3.1714
425,85.00,-3.3818
426,85.20,-3.4753
427,85.40,-3.4468
428,85.60,-3.1506
429,85.80,-3.9247
430,86.00,-3.3429
431,86.20,-3.6468
432,86.40,-3.1688
433,86.60,-3.6026
434,86.80,-3.3195
435,87.00,-3.1039
436,87.20,-4.2208
437,87.40,-2.6130
438,87.60,-3.8286
439,87.80,-2.9143
440,88.00,-3.2597
441,88.20,-3.7091
442,88.40,-2.7455
443,88.60,-4.0234
444,88.80,-2.9039
445,89.00,-3.1766
446,89.20,-3.2026
447,89.40,-3.3922
448,89.60,-2.9013
449,89.80,-3.7351
450,90.00,-2.8390
451,90.20,-3.1792
452,90.40,-3.5351
453,90.60,-2.7429
454,90.80,-3.7532
455,91.00,-2.3922
456,91.20,-2.7688
457,91.40,-3.5896
458,91.60,-2.6078
459,91.80,-3.4987
460,92.00,-2.7351
461,92.20,-3.2286
462,92.40,-2.7013
463,92.60,-3.1273
464,92.80,-2.8675
465,93.00,-3.1455
466,93.20,-2.8649
467,93.40,-3.0597
468,93.60,-3.2805
469,93.80,-2.7922
470,94.00,-3.5351
471,94.20,-2.6416
472,94.40,-2.8909
473,94.60,-2.8052
474,94.80,-3.0208
475,95.00,-3.4000
476,95.20,-2.6987
477,95.40,-3.4442
478,95.60,-2.5922
479,95.80,-3.1818
480,96.00,-2.5636
481,96.20,-3.0727
482,96.40,-3.0545
483,96.60,-2.8883
484,96.80,-3.3403
485,97.00,-2.4857
486,97.20,-3.2597
487,97.40,-2.5325
488,97.60,-3.0857
489,97.80,-2.7299
490,98.00,-2.7506
491,98.20,-3.1818
492,98.40,-2.8026
493,98.60,-3.4390
494,98.80,-2.8468
495,99.00,-3.1974
496,99.20,-2.3792
497,99.40,-3.3740
498,99.60,-2.8338
499,99.80,-2.6883
500,100.00,-3.8286
